# unix_time, cycles_done, cur_path, paths_total, pending_total, pending_favs, map_size, unique_crashes, unique_hangs, max_depth, execs_per_sec
1650898096, 0, 0, 1, 1, 1, 0.30%, 0, 0, 1, 3.76
1650898102, 0, 0, 12, 12, 1, 0.58%, 0, 0, 2, 68.89
1650898107, 0, 0, 15, 15, 1, 0.58%, 0, 0, 2, 60.93
1650898117, 0, 0, 18, 18, 1, 0.58%, 0, 0, 2, 69.37
1650898127, 0, 0, 19, 19, 1, 0.58%, 0, 0, 2, 66.57
1650898132, 0, 0, 20, 20, 1, 0.60%, 0, 0, 2, 65.64
1650898137, 0, 0, 26, 26, 1, 0.62%, 0, 0, 2, 67.05
1650898167, 0, 0, 32, 32, 1, 0.63%, 0, 0, 2, 78.65
1650898193, 0, 0, 33, 33, 1, 0.63%, 0, 0, 2, 53.53
1650898198, 0, 0, 34, 34, 1, 0.64%, 0, 0, 2, 42.85
1650898203, 0, 0, 35, 35, 1, 0.64%, 0, 0, 2, 42.29
1650898208, 0, 0, 36, 36, 1, 0.64%, 0, 0, 2, 47.64
1650898213, 0, 0, 38, 38, 1, 0.64%, 0, 0, 2, 47.66
1650898219, 0, 0, 46, 46, 1, 0.68%, 0, 0, 2, 76.85
1650898224, 0, 0, 49, 49, 1, 0.69%, 0, 0, 2, 66.70
1650898229, 0, 0, 50, 50, 1, 0.69%, 0, 0, 2, 60.15
1650898234, 0, 0, 51, 51, 1, 0.69%, 0, 0, 2, 53.96
1650898239, 0, 0, 54, 54, 1, 0.70%, 0, 0, 2, 53.68
1650898265, 0, 0, 55, 55, 1, 0.70%, 0, 0, 2, 54.73
1650898270, 0, 0, 56, 56, 1, 0.70%, 0, 0, 2, 53.99
1650898275, 0, 0, 57, 57, 1, 0.70%, 0, 0, 2, 56.20
1650898290, 0, 0, 58, 58, 1, 0.70%, 0, 0, 2, 52.68
1650898326, 0, 0, 59, 59, 1, 0.70%, 0, 0, 2, 52.96
1650898372, 0, 0, 60, 60, 1, 0.70%, 0, 0, 2, 52.07
1650898392, 0, 0, 61, 61, 1, 0.70%, 0, 0, 2, 48.91
1650898397, 0, 0, 62, 62, 1, 0.70%, 0, 0, 2, 50.25
1650898412, 0, 0, 63, 63, 1, 0.70%, 0, 0, 2, 59.61
1650898433, 0, 0, 64, 64, 1, 0.71%, 0, 0, 2, 59.12
1650898545, 0, 0, 69, 69, 1, 0.71%, 0, 0, 2, 45.98
1650898741, 0, 0, 73, 73, 1, 0.71%, 0, 0, 2, 70.99
1650898746, 0, 0, 80, 80, 1, 0.71%, 0, 0, 2, 55.05
1650898751, 0, 0, 87, 87, 1, 0.72%, 0, 0, 2, 50.98
1650898787, 0, 0, 88, 88, 1, 0.72%, 0, 0, 2, 40.71
1650898792, 0, 0, 89, 89, 1, 0.72%, 0, 0, 2, 44.42
1650898797, 0, 0, 92, 92, 1, 0.72%, 0, 0, 2, 45.43
1650898802, 0, 0, 93, 93, 1, 0.72%, 0, 0, 2, 42.33
1650898822, 0, 0, 95, 95, 1, 0.72%, 0, 0, 2, 37.72
1650898828, 0, 0, 96, 96, 1, 0.72%, 0, 0, 2, 33.33
1650898833, 0, 0, 97, 97, 1, 0.72%, 0, 0, 2, 33.83
1650898848, 0, 0, 98, 98, 1, 0.72%, 0, 0, 2, 32.23
1650898884, 0, 0, 99, 99, 1, 0.72%, 0, 0, 2, 39.99
1650899794, 0, 0, 101, 101, 1, 0.73%, 0, 0, 2, 84.85
1650899840, 0, 0, 103, 103, 1, 0.73%, 0, 0, 2, 53.52
1650899846, 0, 0, 108, 108, 1, 0.73%, 0, 0, 2, 51.14
1650899851, 0, 0, 112, 112, 1, 0.79%, 0, 0, 2, 53.45
1650899856, 0, 0, 115, 115, 1, 0.79%, 0, 0, 2, 54.20
1650899861, 0, 0, 121, 121, 1, 0.79%, 0, 0, 2, 54.37
1650899866, 0, 0, 123, 123, 1, 0.79%, 0, 0, 2, 50.42
1650899871, 0, 0, 125, 125, 1, 0.80%, 0, 0, 2, 44.19
1650899876, 0, 0, 128, 128, 1, 0.80%, 0, 0, 2, 43.12
1650899881, 0, 0, 131, 131, 1, 0.87%, 0, 0, 2, 44.05
1650899886, 0, 0, 133, 133, 1, 0.87%, 0, 0, 2, 43.64
1650899897, 0, 0, 134, 134, 1, 0.87%, 0, 0, 2, 48.38
1650907028, 0, 0, 136, 136, 1, 0.87%, 0, 0, 2, 46.92
1650907033, 0, 0, 137, 137, 1, 0.87%, 0, 0, 2, 49.30
1650907110, 0, 0, 142, 142, 1, 0.87%, 0, 0, 2, 51.74
1650907115, 0, 0, 145, 145, 1, 0.87%, 0, 0, 2, 53.29
1650907121, 0, 0, 148, 148, 1, 0.87%, 0, 0, 2, 55.99
1650907126, 0, 0, 149, 149, 1, 0.87%, 0, 0, 2, 52.04
1650907131, 0, 0, 151, 151, 1, 0.87%, 0, 0, 2, 53.66
1650907136, 0, 0, 152, 152, 1, 0.87%, 0, 0, 2, 54.31
1650907141, 0, 0, 153, 153, 1, 0.87%, 0, 0, 2, 54.56
1650907146, 0, 0, 155, 155, 1, 0.87%, 0, 0, 2, 54.94
1650907151, 0, 0, 156, 156, 1, 0.87%, 0, 0, 2, 55.90
1650907156, 0, 0, 159, 159, 1, 0.87%, 0, 0, 2, 54.54
1650907166, 0, 0, 160, 160, 1, 0.87%, 0, 0, 2, 58.15
1650907172, 0, 0, 161, 161, 1, 0.87%, 0, 0, 2, 55.47
1650907177, 0, 0, 163, 163, 1, 0.87%, 0, 0, 2, 57.29
1650907192, 0, 0, 166, 166, 1, 0.87%, 0, 0, 2, 60.93
1650907202, 0, 0, 167, 167, 1, 0.87%, 0, 0, 2, 58.88
1650907208, 0, 0, 168, 168, 1, 0.87%, 0, 0, 2, 61.08
1650907213, 0, 0, 170, 170, 1, 0.87%, 0, 0, 2, 61.35
1650907223, 0, 0, 171, 171, 1, 0.87%, 0, 0, 2, 55.03
1650907228, 0, 1, 171, 170, 47, 0.87%, 0, 0, 2, 59.48
1650907509, 0, 4, 171, 169, 46, 0.87%, 0, 0, 2, 89.74
1650907555, 0, 4, 172, 170, 46, 0.88%, 0, 0, 3, 17.29
1650907903, 0, 7, 172, 169, 45, 0.88%, 0, 0, 3, 75.13
1650907954, 0, 7, 173, 170, 45, 0.88%, 0, 0, 3, 52.55
1650908296, 0, 8, 173, 169, 45, 0.88%, 0, 0, 3, 72.11
1650908428, 0, 8, 174, 170, 45, 0.88%, 0, 0, 3, 44.36
1650908704, 0, 11, 174, 169, 45, 0.88%, 0, 0, 3, 55.57
1650910005, 0, 11, 175, 170, 45, 0.90%, 0, 0, 3, 44.27
1650917379, 0, 13, 175, 169, 45, 0.90%, 0, 0, 3, 50.31
1650925980, 0, 13, 176, 170, 45, 0.90%, 0, 0, 3, 50.51
1650925985, 0, 14, 176, 169, 44, 0.90%, 0, 0, 3, 51.37
1650934605, 0, 19, 176, 168, 43, 0.90%, 0, 0, 3, 51.53
1650936111, 0, 19, 177, 169, 43, 0.91%, 0, 0, 3, 49.04
1650942111, 0, 19, 178, 170, 43, 0.93%, 0, 0, 3, 47.22
1650942121, 0, 20, 178, 169, 44, 0.93%, 0, 0, 3, 51.94
1650949625, 0, 20, 179, 170, 44, 0.93%, 0, 0, 3, 53.56
1650949630, 0, 21, 179, 169, 43, 0.93%, 0, 0, 3, 59.60
1650949635, 0, 21, 180, 170, 43, 0.93%, 0, 0, 3, 64.76
1650949645, 0, 21, 181, 171, 43, 0.93%, 0, 0, 3, 57.72
1650949660, 0, 21, 182, 172, 43, 0.93%, 0, 0, 3, 54.47
1650949666, 0, 21, 184, 174, 43, 0.93%, 0, 0, 3, 68.74
1650949747, 0, 21, 185, 175, 43, 0.93%, 0, 0, 3, 56.59
1650949768, 0, 21, 186, 176, 43, 0.93%, 0, 0, 3, 56.07
1650950013, 0, 25, 186, 175, 43, 0.93%, 0, 0, 3, 62.17
1650958508, 0, 25, 187, 176, 43, 0.93%, 0, 0, 3, 59.72
1650958513, 0, 25, 188, 177, 43, 0.93%, 0, 0, 3, 66.57
1650958518, 0, 28, 188, 176, 42, 0.93%, 0, 0, 3, 70.65
1650958828, 0, 30, 188, 175, 41, 0.93%, 2, 0, 3, 92.96
1650958833, 0, 30, 188, 175, 41, 0.93%, 6, 0, 3, 91.65
1650958863, 0, 30, 189, 176, 41, 0.93%, 9, 0, 3, 51.20
1650959138, 0, 41, 189, 175, 38, 0.93%, 9, 0, 3, 93.96
1650959224, 0, 41, 190, 176, 38, 0.93%, 9, 0, 3, 67.45
1650959438, 0, 42, 190, 175, 37, 0.93%, 9, 0, 3, 97.84
1650959545, 0, 42, 191, 176, 37, 0.93%, 9, 0, 3, 63.15
1650959550, 0, 42, 192, 177, 37, 0.93%, 9, 0, 3, 61.63
1650959759, 0, 43, 192, 176, 34, 0.93%, 9, 0, 3, 78.58
1650960075, 0, 44, 192, 175, 33, 0.93%, 9, 0, 3, 90.97
1650960172, 0, 44, 193, 176, 33, 0.93%, 9, 0, 3, 64.23
1650960386, 0, 47, 193, 175, 32, 0.93%, 9, 0, 3, 88.91
1650960391, 0, 47, 194, 176, 32, 0.93%, 9, 0, 3, 66.43
1650960401, 0, 47, 196, 178, 32, 0.94%, 9, 0, 3, 58.15
1650960432, 0, 47, 197, 179, 32, 0.94%, 9, 0, 3, 66.49
1650960477, 0, 47, 198, 180, 32, 0.94%, 9, 0, 3, 64.78
1650960488, 0, 47, 199, 181, 32, 0.94%, 9, 0, 3, 64.52
1650960508, 0, 47, 200, 182, 32, 0.94%, 9, 0, 3, 59.76
1650960513, 0, 47, 201, 183, 32, 0.94%, 9, 0, 3, 44.98
1650960706, 0, 47, 202, 184, 32, 0.94%, 9, 0, 3, 60.63
1650960726, 0, 50, 202, 183, 34, 0.94%, 9, 0, 3, 80.86
1650962286, 0, 50, 204, 185, 34, 0.94%, 9, 0, 3, 57.27
1650962291, 0, 50, 206, 187, 34, 0.95%, 9, 0, 3, 58.82
1650962296, 0, 50, 207, 188, 34, 0.96%, 9, 0, 3, 50.42
1650967592, 0, 51, 207, 187, 37, 0.96%, 9, 0, 3, 58.74
1650967755, 0, 51, 208, 188, 37, 0.96%, 9, 0, 3, 49.75
1650969277, 0, 51, 209, 189, 37, 0.96%, 9, 0, 3, 55.79
1650974514, 0, 54, 209, 188, 37, 0.96%, 9, 0, 3, 64.12
1650974769, 0, 54, 210, 189, 37, 0.96%, 9, 0, 3, 55.51
1650975558, 0, 56, 210, 188, 38, 0.96%, 9, 0, 3, 75.15
1650975763, 0, 56, 211, 189, 38, 0.96%, 9, 0, 3, 58.15
1650982479, 0, 56, 212, 190, 38, 0.96%, 9, 0, 3, 59.54
1650982484, 0, 59, 212, 189, 37, 0.96%, 9, 0, 3, 64.22
1650982826, 0, 59, 213, 190, 37, 0.96%, 9, 0, 3, 58.35
