# unix_time, cycles_done, cur_path, paths_total, pending_total, pending_favs, map_size, unique_crashes, unique_hangs, max_depth, execs_per_sec
1636003431, 0, 0, 1, 1, 1, 0.77%, 0, 0, 1, 35.56
1636003436, 0, 0, 5, 5, 1, 0.80%, 0, 0, 2, 55.64
1636003441, 0, 0, 7, 7, 1, 0.80%, 0, 0, 2, 69.07
1636003451, 0, 0, 8, 8, 1, 0.81%, 0, 0, 2, 54.56
1636003461, 0, 0, 9, 9, 1, 0.81%, 0, 0, 2, 865.00
1636003467, 0, 0, 10, 10, 1, 0.81%, 0, 0, 2, 56.25
1636003472, 0, 0, 11, 11, 1, 0.81%, 0, 0, 2, 56.31
1636003482, 0, 0, 12, 12, 1, 0.81%, 0, 0, 2, 56.15
1636003492, 0, 0, 13, 13, 1, 0.81%, 0, 0, 2, 54.97
1636003537, 0, 0, 14, 14, 1, 0.82%, 0, 0, 2, 61.97
1636003618, 0, 0, 26, 26, 1, 0.85%, 0, 0, 2, 135.97
1636003624, 0, 0, 27, 27, 1, 0.85%, 0, 0, 2, 71.71
1636003724, 0, 0, 28, 28, 1, 0.85%, 0, 0, 2, 54.18
1636003775, 0, 0, 31, 31, 1, 0.86%, 0, 0, 2, 277.13
1636003780, 0, 0, 38, 38, 1, 0.91%, 0, 0, 2, 499.84
1636003785, 0, 0, 58, 58, 1, 1.54%, 2, 0, 2, 349.73
1636003790, 0, 0, 76, 76, 1, 1.79%, 2, 0, 2, 356.07
1636003795, 0, 0, 79, 79, 1, 1.79%, 2, 0, 2, 59.83
1636004141, 0, 0, 80, 80, 1, 1.80%, 2, 0, 2, 54.86
1636004146, 0, 0, 82, 82, 1, 1.81%, 2, 0, 2, 56.48
1636004161, 0, 0, 83, 83, 1, 1.82%, 2, 0, 2, 56.60
1636006969, 0, 0, 84, 84, 1, 1.82%, 2, 0, 2, 55.24
1636007133, 0, 2, 84, 83, 36, 1.82%, 2, 0, 2, 2875.11
1636007138, 0, 3, 84, 82, 35, 1.82%, 2, 0, 2, 1563.57
1636007306, 0, 6, 84, 81, 34, 1.82%, 2, 0, 2, 124.70
1636007646, 0, 6, 84, 81, 34, 1.82%, 3, 0, 2, 84.31
1636007651, 0, 6, 85, 82, 34, 1.82%, 3, 0, 3, 406.23
1636010996, 0, 7, 87, 83, 33, 1.82%, 3, 0, 3, 2003.32
1636011001, 0, 7, 88, 84, 33, 1.82%, 3, 0, 3, 1115.12
1636011016, 0, 12, 88, 83, 32, 1.82%, 3, 0, 3, 94.53
1636011419, 0, 12, 91, 86, 32, 1.83%, 4, 0, 3, 763.58
1636015534, 0, 17, 91, 85, 32, 1.83%, 4, 0, 3, 830.18
1636015554, 0, 17, 94, 88, 32, 1.83%, 4, 0, 3, 784.24
1636015559, 0, 17, 96, 90, 32, 1.83%, 4, 0, 3, 531.53
1636015671, 0, 26, 97, 90, 31, 1.83%, 4, 0, 3, 53.03
1636015676, 0, 26, 98, 91, 31, 1.83%, 4, 0, 3, 55.56
1636015846, 0, 26, 99, 92, 31, 1.83%, 4, 0, 3, 237.68
1636015893, 0, 26, 100, 93, 31, 1.83%, 4, 0, 3, 56.59
1636016006, 0, 26, 100, 93, 31, 1.83%, 5, 0, 3, 165.92
1636019384, 0, 27, 101, 93, 30, 1.83%, 5, 0, 3, 87.23
1636019729, 0, 27, 101, 93, 30, 1.83%, 6, 0, 3, 151.18
1636020095, 0, 27, 102, 94, 30, 1.83%, 6, 0, 3, 54.99
1636023113, 0, 29, 102, 93, 29, 1.83%, 6, 0, 3, 69.74
1636023509, 0, 29, 103, 94, 29, 1.83%, 6, 0, 3, 63.17
1636023606, 0, 29, 104, 95, 29, 1.83%, 6, 0, 3, 285.17
1636026964, 0, 30, 104, 94, 30, 1.83%, 6, 0, 3, 57.78
1636027265, 0, 31, 104, 93, 29, 1.83%, 6, 0, 3, 938.64
1636027290, 0, 31, 105, 94, 29, 1.83%, 6, 0, 3, 518.61
1636027433, 0, 36, 105, 93, 29, 1.83%, 6, 0, 3, 119.24
1636028458, 0, 41, 105, 92, 28, 1.83%, 6, 0, 3, 469.25
1636028494, 0, 41, 106, 93, 28, 1.83%, 6, 0, 3, 1274.91
1636028499, 0, 41, 109, 96, 28, 1.84%, 6, 0, 3, 667.00
1636028504, 0, 41, 111, 98, 28, 1.84%, 7, 0, 3, 512.26
1636028836, 0, 42, 111, 97, 30, 1.84%, 7, 0, 3, 356.29
1636028948, 0, 42, 113, 99, 30, 1.85%, 7, 0, 3, 428.01
1636029471, 0, 43, 114, 99, 31, 1.85%, 7, 0, 3, 408.98
1636029558, 0, 43, 115, 100, 31, 1.85%, 7, 0, 3, 453.39
1636030322, 0, 44, 117, 101, 30, 1.85%, 7, 0, 3, 308.20
1636030347, 0, 44, 118, 102, 30, 1.85%, 7, 0, 3, 306.04
1636030428, 0, 44, 119, 103, 30, 1.85%, 7, 0, 3, 413.67
1636030438, 0, 44, 120, 104, 30, 1.85%, 7, 0, 3, 58.53
1636030474, 0, 44, 121, 105, 30, 1.85%, 7, 0, 3, 62.43
1636030484, 0, 44, 122, 106, 30, 1.85%, 7, 0, 3, 155.99
1636030896, 0, 45, 122, 105, 31, 1.85%, 7, 0, 3, 351.23
1636030972, 0, 45, 122, 105, 31, 1.85%, 8, 0, 3, 281.98
1636031566, 0, 49, 122, 104, 30, 1.85%, 8, 0, 3, 400.49
1636031607, 0, 49, 123, 105, 30, 1.85%, 8, 0, 3, 609.29
1636031683, 0, 49, 126, 108, 30, 2.13%, 8, 0, 3, 404.62
1636031688, 0, 49, 127, 109, 30, 2.13%, 8, 0, 3, 418.87
1636031951, 0, 50, 127, 108, 32, 2.13%, 8, 0, 3, 412.43
1636032709, 0, 51, 127, 107, 31, 2.13%, 8, 0, 3, 53.80
1636036610, 0, 53, 127, 106, 30, 2.13%, 8, 0, 3, 466.46
1636039712, 0, 61, 127, 105, 29, 2.13%, 8, 0, 3, 130.85
1636040198, 0, 61, 128, 106, 29, 2.13%, 8, 0, 3, 60.58
1636043698, 0, 64, 128, 105, 29, 2.13%, 8, 0, 3, 305.91
1636044288, 0, 67, 128, 104, 28, 2.13%, 8, 0, 3, 73.41
1636047615, 0, 68, 128, 103, 27, 2.13%, 8, 0, 3, 163.98
1636048570, 0, 68, 129, 104, 27, 2.13%, 8, 0, 3, 39.01
1636050942, 0, 72, 129, 103, 26, 2.13%, 8, 0, 3, 443.78
1636050947, 0, 72, 130, 104, 26, 2.21%, 8, 0, 3, 402.57
1636051444, 0, 73, 130, 103, 26, 2.21%, 8, 0, 3, 54.11
1636053946, 0, 74, 130, 102, 24, 2.21%, 8, 0, 3, 397.45
1636053981, 0, 74, 132, 104, 24, 2.39%, 8, 1, 3, 455.05
1636054170, 0, 74, 139, 111, 24, 3.27%, 9, 1, 3, 322.93
1636054175, 0, 74, 148, 120, 24, 3.80%, 9, 1, 3, 180.57
1636054571, 0, 79, 148, 119, 41, 3.80%, 9, 1, 3, 65.23
1636054834, 0, 79, 148, 119, 41, 3.80%, 10, 1, 3, 314.72
1636055791, 0, 79, 149, 120, 41, 3.98%, 10, 1, 3, 56.18
1636055971, 0, 79, 150, 121, 41, 3.98%, 10, 1, 3, 55.55
1636057533, 0, 80, 150, 120, 41, 3.98%, 10, 1, 3, 84.58
1636057827, 0, 80, 150, 120, 41, 3.98%, 11, 1, 3, 635.68
1636058931, 0, 80, 151, 121, 41, 3.99%, 11, 1, 3, 56.10
1636059084, 0, 80, 152, 122, 41, 3.99%, 11, 1, 3, 53.67
1636060845, 0, 81, 152, 121, 41, 3.99%, 11, 1, 3, 66.64
1636061093, 0, 81, 153, 122, 41, 3.99%, 11, 1, 3, 54.47
1636061155, 0, 81, 153, 122, 41, 3.99%, 12, 1, 3, 576.48
1636064247, 0, 82, 153, 121, 40, 3.99%, 12, 1, 3, 88.27
1636064582, 0, 82, 153, 121, 40, 3.99%, 13, 1, 3, 176.09
1636066136, 0, 82, 154, 122, 40, 3.99%, 13, 1, 3, 57.20
1636067897, 0, 83, 154, 121, 39, 3.99%, 13, 1, 3, 70.84
1636068206, 0, 83, 154, 121, 39, 3.99%, 14, 1, 3, 138.84
1636071296, 0, 84, 154, 120, 38, 3.99%, 14, 1, 3, 115.89
1636071434, 0, 84, 154, 120, 38, 3.99%, 15, 1, 3, 50.92
1636072802, 0, 86, 154, 119, 37, 3.99%, 15, 1, 3, 871.51
1636072847, 0, 88, 154, 118, 36, 3.99%, 15, 1, 3, 524.25
1636073103, 0, 89, 154, 117, 34, 3.99%, 15, 1, 3, 454.36
1636073438, 0, 92, 154, 116, 33, 3.99%, 15, 1, 3, 54.22
1636073544, 0, 92, 155, 117, 33, 3.99%, 15, 1, 4, 266.72
1636073749, 0, 102, 155, 116, 32, 3.99%, 15, 1, 4, 779.94
1636074091, 0, 103, 155, 115, 31, 3.99%, 15, 1, 4, 839.09
1636074289, 0, 106, 155, 114, 30, 3.99%, 15, 1, 4, 668.09
1636074336, 0, 106, 155, 114, 30, 3.99%, 15, 2, 4, 26.25
1636074753, 0, 107, 155, 113, 29, 3.99%, 15, 2, 4, 534.62
1636074804, 0, 107, 155, 113, 29, 3.99%, 16, 2, 4, 323.93
1636075272, 0, 108, 155, 112, 28, 3.99%, 16, 2, 4, 530.12
1636075420, 0, 108, 155, 112, 28, 3.99%, 16, 3, 4, 16.90
1636075894, 0, 111, 155, 111, 27, 3.99%, 16, 3, 4, 464.29
1636076037, 0, 111, 155, 111, 27, 3.99%, 16, 4, 4, 295.85
1636076430, 0, 112, 155, 110, 26, 3.99%, 16, 4, 4, 395.04
1636076588, 0, 112, 155, 110, 26, 3.99%, 16, 5, 4, 303.96
1636077001, 0, 116, 155, 109, 25, 3.99%, 16, 5, 4, 416.23
1636077042, 0, 116, 156, 110, 25, 4.02%, 16, 5, 4, 258.74
1636077626, 0, 123, 156, 109, 25, 4.02%, 16, 5, 4, 296.30
1636078773, 0, 124, 156, 108, 24, 4.02%, 16, 5, 4, 382.29
1636079726, 0, 125, 156, 107, 23, 4.02%, 16, 5, 4, 311.63
1636080356, 0, 129, 156, 106, 22, 4.02%, 16, 5, 4, 470.56
1636080879, 0, 130, 156, 105, 21, 4.02%, 16, 5, 4, 341.02
1636080945, 0, 130, 156, 105, 21, 4.02%, 16, 6, 4, 678.01
1636081914, 0, 131, 156, 104, 20, 4.02%, 16, 6, 4, 308.29
1636082210, 0, 131, 156, 104, 20, 4.02%, 17, 6, 4, 195.06
1636082220, 0, 131, 156, 104, 20, 4.02%, 18, 6, 4, 12.42
1636082638, 0, 132, 156, 103, 19, 4.02%, 18, 6, 4, 675.41
1636083555, 0, 133, 156, 102, 18, 4.02%, 18, 6, 4, 306.24
1636084377, 0, 134, 156, 101, 17, 4.02%, 18, 6, 4, 274.10
1636085697, 0, 135, 156, 100, 16, 4.02%, 18, 6, 4, 264.17
1636086736, 0, 136, 156, 99, 15, 4.02%, 18, 6, 4, 275.56
1636088896, 0, 137, 156, 98, 14, 4.02%, 18, 6, 4, 614.89
1636089969, 0, 138, 156, 97, 13, 4.02%, 18, 6, 4, 46.72
1636092713, 0, 139, 156, 96, 12, 4.02%, 18, 6, 4, 533.61
1636093550, 0, 140, 156, 95, 11, 4.02%, 18, 6, 4, 324.58
