# unix_time, cycles_done, cur_path, paths_total, pending_total, pending_favs, map_size, unique_crashes, unique_hangs, max_depth, execs_per_sec
1650897883, 0, 0, 1, 1, 1, 0.30%, 0, 0, 1, 7.95
1650897888, 0, 0, 15, 15, 1, 0.58%, 0, 0, 2, 111.73
1650897893, 0, 0, 17, 17, 1, 0.58%, 0, 0, 2, 116.06
1650897898, 0, 0, 18, 18, 1, 0.58%, 0, 0, 2, 117.71
1650897904, 0, 0, 24, 24, 1, 0.62%, 0, 0, 2, 128.19
1650897909, 0, 0, 26, 26, 1, 0.62%, 0, 0, 2, 108.32
1650897924, 0, 0, 32, 32, 1, 0.63%, 0, 0, 2, 126.00
1650897939, 0, 0, 35, 35, 1, 0.64%, 0, 0, 2, 126.81
1650897944, 0, 0, 40, 40, 1, 0.64%, 0, 0, 2, 171.52
1650897949, 0, 0, 50, 50, 1, 0.69%, 0, 0, 2, 158.30
1650897954, 0, 0, 54, 54, 1, 0.70%, 0, 0, 2, 144.07
1650897965, 0, 0, 56, 56, 1, 0.70%, 0, 0, 2, 142.20
1650897970, 0, 0, 57, 57, 1, 0.70%, 0, 0, 2, 137.25
1650897975, 0, 0, 58, 58, 1, 0.70%, 0, 0, 2, 137.16
1650897985, 0, 0, 59, 59, 1, 0.70%, 0, 0, 2, 142.71
1650898006, 0, 0, 60, 60, 1, 0.70%, 0, 0, 2, 117.39
1650898011, 0, 0, 61, 61, 1, 0.70%, 0, 0, 2, 120.98
1650898016, 0, 0, 62, 62, 1, 0.70%, 0, 0, 2, 100.69
1650898026, 0, 0, 63, 63, 1, 0.70%, 0, 0, 2, 99.94
1650898036, 0, 0, 64, 64, 1, 0.71%, 0, 0, 2, 94.34
1650898088, 0, 0, 69, 69, 1, 0.71%, 0, 0, 2, 116.15
1650898214, 0, 0, 76, 76, 1, 0.71%, 0, 0, 2, 50.40
1650898219, 0, 0, 83, 83, 1, 0.71%, 0, 0, 2, 60.10
1650898250, 0, 0, 85, 85, 1, 0.71%, 0, 0, 2, 53.33
1650898255, 0, 0, 87, 87, 1, 0.72%, 0, 0, 2, 53.34
1650898265, 0, 0, 88, 88, 1, 0.72%, 0, 0, 2, 54.28
1650898275, 0, 0, 90, 90, 1, 0.72%, 0, 0, 2, 55.43
1650898280, 0, 0, 91, 91, 1, 0.72%, 0, 0, 2, 55.19
1650898296, 0, 0, 92, 92, 1, 0.72%, 0, 0, 2, 47.38
1650898459, 0, 0, 93, 93, 1, 0.72%, 0, 0, 2, 49.67
1650898479, 0, 0, 94, 94, 1, 0.72%, 0, 0, 2, 49.48
1650898571, 0, 0, 95, 95, 1, 0.72%, 0, 0, 2, 38.86
1650898607, 0, 0, 96, 96, 1, 0.72%, 0, 0, 2, 38.93
1650899114, 0, 0, 98, 98, 1, 0.73%, 0, 0, 2, 88.33
1650899165, 0, 0, 99, 99, 1, 0.73%, 0, 0, 2, 50.73
1650899170, 0, 0, 100, 100, 1, 0.73%, 0, 0, 2, 47.33
1650899175, 0, 0, 105, 105, 1, 0.73%, 0, 0, 2, 38.68
1650899180, 0, 0, 109, 109, 1, 0.79%, 0, 0, 2, 46.80
1650899185, 0, 0, 115, 115, 1, 0.79%, 0, 0, 2, 42.56
1650899191, 0, 0, 117, 117, 1, 0.79%, 0, 0, 2, 37.73
1650899196, 0, 0, 122, 122, 1, 0.79%, 0, 0, 2, 34.81
1650899201, 0, 0, 124, 124, 1, 0.79%, 0, 0, 2, 34.20
1650899206, 0, 0, 125, 125, 1, 0.79%, 0, 0, 2, 31.23
1650899211, 0, 0, 126, 126, 1, 0.80%, 0, 0, 2, 25.80
1650899221, 0, 0, 128, 128, 1, 0.80%, 0, 0, 2, 34.79
1650899226, 0, 0, 130, 130, 1, 0.87%, 0, 0, 2, 31.62
1650899231, 0, 0, 131, 131, 1, 0.87%, 0, 0, 2, 27.86
1650899236, 0, 0, 133, 133, 1, 0.87%, 0, 0, 2, 27.99
1650899252, 0, 0, 134, 134, 1, 0.87%, 0, 0, 2, 38.70
1650906475, 0, 0, 136, 136, 1, 0.87%, 0, 0, 2, 47.34
1650906480, 0, 0, 137, 137, 1, 0.87%, 0, 0, 2, 53.32
1650906557, 0, 0, 140, 140, 1, 0.87%, 0, 0, 2, 46.64
1650906562, 0, 0, 147, 147, 1, 0.87%, 0, 0, 2, 54.44
1650906567, 0, 0, 149, 149, 1, 0.87%, 0, 0, 2, 57.53
1650906572, 0, 0, 154, 154, 1, 0.87%, 0, 0, 2, 54.92
1650906577, 0, 0, 155, 155, 1, 0.87%, 0, 0, 2, 55.94
1650906582, 0, 0, 157, 157, 1, 0.87%, 0, 0, 2, 57.15
1650906587, 0, 0, 158, 158, 1, 0.87%, 0, 0, 2, 56.62
1650906593, 0, 0, 160, 160, 1, 0.87%, 0, 0, 2, 58.43
1650906598, 0, 0, 161, 161, 1, 0.87%, 0, 0, 2, 55.77
1650906603, 0, 0, 164, 164, 1, 0.87%, 0, 0, 2, 53.87
1650906608, 0, 0, 165, 165, 1, 0.87%, 0, 0, 2, 55.78
1650906613, 0, 0, 166, 166, 1, 0.87%, 0, 0, 2, 57.74
1650906618, 0, 0, 167, 167, 1, 0.87%, 0, 0, 2, 56.88
1650906629, 0, 0, 168, 168, 1, 0.87%, 0, 0, 2, 55.69
1650906639, 0, 0, 169, 169, 1, 0.87%, 0, 0, 2, 60.93
1650906644, 0, 0, 170, 170, 1, 0.87%, 0, 0, 2, 57.06
1650906664, 0, 0, 171, 171, 1, 0.87%, 0, 0, 2, 57.33
1650906675, 0, 0, 172, 172, 1, 0.87%, 0, 0, 2, 59.54
1650906685, 0, 0, 173, 173, 1, 0.87%, 0, 0, 2, 58.83
1650906695, 0, 0, 174, 174, 1, 0.87%, 0, 0, 2, 56.86
1650906721, 0, 0, 176, 176, 1, 0.87%, 0, 0, 2, 56.16
1650906726, 0, 0, 177, 177, 1, 0.87%, 0, 0, 2, 56.79
1650906746, 0, 0, 178, 178, 1, 0.87%, 0, 0, 2, 58.01
1650906756, 0, 0, 179, 179, 1, 0.87%, 0, 0, 2, 56.62
1650906767, 0, 0, 180, 180, 1, 0.87%, 0, 0, 2, 56.83
1650906792, 0, 0, 181, 181, 1, 0.87%, 0, 0, 2, 61.32
1650906803, 0, 0, 182, 182, 1, 0.87%, 0, 0, 2, 52.63
1650906813, 0, 0, 183, 183, 1, 0.87%, 0, 0, 2, 60.66
1650906849, 0, 2, 183, 182, 46, 0.87%, 0, 0, 2, 55.52
1650906961, 0, 2, 184, 183, 46, 0.88%, 0, 0, 3, 54.34
1650907242, 0, 4, 184, 182, 45, 0.88%, 0, 0, 3, 75.03
1650907630, 0, 5, 185, 182, 44, 0.88%, 0, 0, 3, 81.62
1650907636, 0, 5, 185, 182, 44, 0.88%, 1, 0, 3, 58.06
1650907641, 0, 5, 186, 183, 44, 0.89%, 1, 0, 3, 61.52
1650907651, 0, 5, 188, 185, 44, 0.89%, 1, 0, 3, 42.98
1650907743, 0, 5, 189, 186, 44, 0.91%, 1, 0, 3, 6.85
1650907763, 0, 5, 190, 187, 44, 0.91%, 1, 0, 3, 46.30
1650907789, 0, 5, 191, 188, 44, 0.91%, 1, 0, 3, 44.60
1650908030, 0, 5, 192, 189, 44, 0.91%, 1, 0, 3, 46.95
1650908061, 0, 7, 192, 188, 45, 0.91%, 1, 0, 3, 70.63
1650908107, 0, 7, 193, 189, 45, 0.91%, 1, 0, 3, 55.18
1650908448, 0, 8, 193, 188, 45, 0.91%, 1, 0, 3, 107.92
1650908587, 0, 8, 194, 189, 45, 0.91%, 1, 0, 3, 41.00
1650908858, 0, 14, 194, 188, 43, 0.91%, 1, 0, 3, 86.83
1650910186, 0, 14, 195, 189, 43, 0.91%, 1, 0, 3, 40.19
1650917483, 0, 20, 195, 188, 43, 0.91%, 1, 0, 3, 55.95
1650918922, 0, 20, 196, 189, 43, 0.92%, 1, 0, 3, 48.20
1650924788, 0, 20, 197, 190, 43, 0.92%, 1, 0, 3, 62.38
1650924809, 0, 21, 197, 189, 42, 0.92%, 1, 0, 3, 63.63
1650924819, 0, 21, 198, 190, 42, 0.92%, 1, 0, 3, 61.01
1650924926, 0, 21, 199, 191, 42, 0.92%, 1, 0, 3, 49.48
1650924936, 0, 21, 201, 193, 42, 0.92%, 1, 0, 3, 49.99
1650924941, 0, 21, 202, 194, 42, 0.92%, 1, 0, 3, 54.41
1650925197, 0, 25, 202, 193, 42, 0.92%, 1, 0, 3, 73.41
1650933827, 0, 29, 202, 192, 41, 0.92%, 1, 0, 3, 57.62
1650934108, 0, 30, 202, 191, 39, 0.92%, 2, 0, 3, 77.88
1650934113, 0, 30, 202, 191, 39, 0.92%, 3, 0, 3, 87.52
1650934118, 0, 30, 202, 191, 39, 0.92%, 6, 0, 3, 61.73
1650934154, 0, 30, 202, 191, 39, 0.92%, 8, 0, 3, 62.71
1650934502, 0, 30, 203, 192, 39, 0.93%, 8, 0, 3, 110.33
1650934513, 0, 33, 203, 191, 39, 0.93%, 8, 0, 3, 63.12
1650934559, 0, 33, 204, 192, 39, 0.93%, 8, 0, 3, 40.29
1650943225, 0, 33, 205, 193, 39, 0.93%, 8, 0, 3, 57.66
1650943235, 0, 34, 205, 192, 39, 0.93%, 8, 0, 3, 54.78
1650944301, 0, 34, 206, 193, 39, 0.93%, 8, 0, 3, 43.52
1650948527, 0, 34, 207, 194, 39, 0.93%, 8, 0, 3, 54.55
1650948542, 0, 38, 207, 193, 38, 0.93%, 8, 0, 3, 52.83
1650955895, 0, 40, 207, 192, 37, 0.93%, 8, 0, 3, 92.10
1650955972, 0, 41, 208, 192, 36, 0.93%, 8, 0, 3, 88.52
1650956360, 0, 42, 208, 191, 35, 0.93%, 8, 0, 3, 72.51
1650956488, 0, 42, 209, 192, 35, 0.93%, 8, 0, 3, 45.65
1650956498, 0, 42, 210, 193, 35, 0.93%, 8, 0, 3, 52.69
1650956754, 0, 43, 210, 192, 35, 0.93%, 8, 0, 3, 108.31
1650957138, 0, 44, 210, 191, 34, 0.93%, 8, 0, 3, 88.36
1650957261, 0, 44, 211, 192, 34, 0.93%, 8, 0, 3, 49.80
1650957533, 0, 45, 211, 191, 33, 0.93%, 8, 0, 3, 74.37
