# unix_time, cycles_done, cur_path, paths_total, pending_total, pending_favs, map_size, unique_crashes, unique_hangs, max_depth, execs_per_sec
1650986093, 0, 0, 1, 1, 1, 0.81%, 0, 0, 1, 1.07
1650986109, 0, 0, 4, 4, 1, 0.84%, 0, 0, 2, 3.40
1650986120, 0, 0, 5, 5, 1, 0.84%, 0, 0, 2, 4.32
1650986172, 0, 0, 6, 6, 1, 0.84%, 0, 0, 2, 4.21
1650986177, 0, 0, 7, 7, 1, 0.84%, 0, 0, 2, 4.41
1650986228, 0, 0, 8, 8, 1, 0.84%, 0, 0, 2, 4.67
1650986249, 0, 0, 9, 9, 1, 0.85%, 0, 0, 2, 4.32
1650986321, 0, 0, 10, 10, 1, 0.85%, 0, 0, 2, 3.19
1650986419, 0, 0, 11, 11, 1, 0.85%, 0, 0, 2, 3.92
1650986465, 0, 0, 12, 12, 1, 0.85%, 0, 0, 2, 4.08
1650986527, 0, 0, 13, 13, 1, 0.85%, 0, 0, 2, 4.11
1650986609, 0, 0, 14, 14, 1, 0.85%, 0, 0, 2, 3.45
1650986676, 0, 0, 15, 15, 1, 0.85%, 0, 0, 2, 3.44
1650987201, 0, 0, 16, 16, 1, 0.85%, 0, 0, 2, 7.72
1650988005, 0, 0, 17, 17, 1, 0.86%, 0, 0, 2, 67.33
1650988010, 0, 0, 20, 20, 1, 0.88%, 0, 0, 2, 43.56
1650988015, 0, 0, 24, 24, 1, 0.89%, 0, 0, 2, 34.48
1650988021, 0, 0, 25, 25, 1, 0.89%, 0, 0, 2, 3.03
1650988067, 0, 0, 26, 26, 1, 0.89%, 0, 0, 2, 3.17
1650988342, 0, 0, 27, 27, 1, 0.90%, 0, 0, 2, 3.72
1650988357, 0, 0, 28, 28, 1, 0.90%, 0, 0, 2, 3.67
1650988362, 0, 0, 29, 29, 1, 0.91%, 0, 0, 2, 3.82
1650989443, 0, 0, 31, 31, 1, 0.91%, 0, 0, 2, 8.33
1650989448, 0, 0, 32, 32, 1, 0.92%, 0, 0, 2, 47.33
1650989530, 0, 0, 35, 35, 1, 0.92%, 0, 0, 2, 17.81
1650989536, 0, 0, 36, 36, 1, 0.92%, 0, 0, 2, 0.67
1650989559, 0, 0, 37, 37, 1, 0.92%, 0, 0, 2, 1.44
1650989584, 0, 0, 38, 38, 1, 0.92%, 0, 0, 2, 1.66
1650989590, 0, 0, 40, 40, 1, 0.97%, 0, 0, 2, 1.49
1650989607, 0, 0, 41, 41, 1, 0.97%, 0, 0, 2, 1.38
1650989627, 0, 0, 42, 42, 1, 1.00%, 0, 0, 2, 0.74
1650989792, 0, 0, 42, 42, 1, 1.00%, 1, 0, 2, 0.01
1650990119, 0, 0, 42, 42, 1, 1.00%, 2, 0, 2, 0.01
1650990452, 0, 0, 43, 43, 1, 1.00%, 2, 0, 2, 0.64
1650990470, 0, 0, 46, 46, 1, 1.30%, 2, 0, 2, 22.19
