# unix_time, cycles_done, cur_path, paths_total, pending_total, pending_favs, map_size, unique_crashes, unique_hangs, max_depth, execs_per_sec
1629351273, 0, 0, 1, 1, 1, 0.47%, 0, 0, 1, 2.48
1629351278, 0, 0, 2, 2, 1, 0.59%, 0, 0, 2, 97.78
1629351283, 0, 0, 14, 14, 1, 0.79%, 0, 0, 2, 109.51
1629351288, 0, 0, 21, 21, 1, 0.82%, 0, 0, 2, 96.70
1629351294, 0, 0, 29, 29, 1, 0.86%, 0, 0, 2, 108.28
1629351304, 0, 0, 35, 35, 1, 0.87%, 0, 0, 2, 109.69
1629351314, 0, 0, 36, 36, 1, 0.87%, 0, 0, 2, 101.63
1629351319, 0, 0, 40, 40, 1, 0.91%, 0, 0, 2, 132.75
1629351324, 0, 0, 41, 41, 1, 0.91%, 0, 0, 2, 110.81
1629351329, 0, 0, 45, 45, 1, 0.91%, 0, 0, 2, 106.11
1629351345, 0, 0, 46, 46, 1, 0.91%, 0, 0, 2, 93.73
1629351360, 0, 0, 47, 47, 1, 0.92%, 0, 0, 2, 101.68
1629351365, 0, 0, 49, 49, 1, 0.92%, 0, 0, 2, 103.32
1629351375, 0, 0, 52, 52, 1, 0.93%, 0, 0, 2, 101.49
1629351380, 0, 0, 54, 54, 1, 0.93%, 0, 0, 2, 120.71
1629351385, 0, 0, 55, 55, 1, 0.93%, 0, 0, 2, 112.61
1629351400, 0, 0, 56, 56, 1, 0.93%, 0, 0, 2, 127.42
1629351405, 0, 0, 58, 58, 1, 0.94%, 0, 0, 2, 110.03
1629351446, 0, 0, 67, 67, 1, 0.95%, 0, 0, 2, 138.34
1629351451, 0, 0, 71, 71, 1, 0.96%, 0, 0, 2, 110.88
1629351472, 0, 0, 75, 75, 1, 0.97%, 0, 0, 2, 110.63
1629351477, 0, 0, 76, 76, 1, 0.97%, 0, 0, 2, 114.89
1629351497, 0, 0, 78, 78, 1, 0.97%, 0, 0, 2, 116.89
1629351552, 0, 0, 79, 79, 1, 0.97%, 0, 0, 2, 95.99
1629351568, 0, 0, 80, 80, 1, 0.97%, 0, 0, 2, 95.86
1629351628, 0, 0, 83, 83, 1, 0.97%, 0, 0, 2, 87.39
1629351633, 0, 0, 85, 85, 1, 1.01%, 0, 0, 2, 96.43
1629351649, 0, 0, 86, 86, 1, 1.01%, 0, 0, 2, 139.26
1629351669, 0, 0, 91, 91, 1, 1.02%, 1, 0, 2, 120.98
1629351674, 0, 0, 102, 102, 1, 1.07%, 1, 0, 2, 106.79
1629351684, 0, 0, 105, 105, 1, 1.07%, 1, 0, 2, 108.00
1629351689, 0, 0, 106, 106, 1, 1.07%, 1, 0, 2, 111.49
1629351761, 0, 0, 108, 108, 1, 1.08%, 1, 0, 2, 110.94
1629351766, 0, 0, 109, 109, 1, 1.08%, 1, 0, 2, 111.60
1629352350, 0, 0, 110, 110, 1, 1.08%, 1, 0, 2, 85.80
1629352355, 0, 0, 111, 111, 1, 1.08%, 1, 0, 2, 82.06
1629352720, 0, 0, 114, 114, 1, 1.08%, 1, 0, 2, 116.04
1629352725, 0, 0, 118, 118, 1, 1.08%, 1, 0, 2, 132.98
1629352730, 0, 0, 120, 120, 1, 1.08%, 1, 0, 2, 137.52
1629352741, 0, 0, 121, 121, 1, 1.08%, 1, 0, 2, 135.79
1629352746, 0, 0, 122, 122, 1, 1.08%, 1, 0, 2, 134.06
1629352751, 0, 0, 123, 123, 1, 1.08%, 1, 0, 2, 137.06
1629352761, 0, 0, 124, 124, 1, 1.08%, 1, 0, 2, 148.68
1629352766, 0, 0, 126, 126, 1, 1.08%, 1, 0, 2, 146.43
1629352771, 0, 0, 127, 127, 1, 1.08%, 1, 0, 2, 138.30
1629352811, 0, 0, 129, 129, 1, 1.08%, 1, 0, 2, 138.06
1629352817, 0, 0, 130, 130, 1, 1.08%, 1, 0, 2, 143.92
1629352837, 0, 1, 131, 130, 48, 1.08%, 1, 0, 2, 146.64
1629352979, 0, 3, 131, 129, 47, 1.08%, 1, 0, 2, 164.01
1629353132, 0, 3, 132, 130, 47, 1.08%, 1, 0, 3, 195.45
1629353346, 0, 3, 133, 131, 47, 1.08%, 2, 0, 3, 119.74
1629354379, 0, 7, 133, 130, 47, 1.08%, 2, 0, 3, 131.86
1629354547, 0, 8, 133, 129, 46, 1.08%, 2, 0, 3, 155.75
1629354603, 0, 8, 133, 129, 46, 1.08%, 3, 0, 3, 123.56
1629354714, 0, 8, 135, 131, 46, 1.08%, 3, 0, 3, 184.67
1629354725, 0, 9, 135, 130, 45, 1.08%, 3, 0, 3, 167.59
1629354893, 0, 18, 135, 129, 44, 1.08%, 3, 0, 3, 133.39
1629355334, 0, 18, 136, 130, 44, 1.09%, 4, 0, 3, 110.71
1629356664, 0, 19, 136, 129, 44, 1.09%, 4, 0, 3, 117.36
1629356865, 0, 19, 137, 130, 44, 1.09%, 4, 0, 3, 118.41
1629357210, 0, 19, 138, 131, 44, 1.09%, 4, 0, 3, 78.78
1629358459, 0, 20, 138, 130, 43, 1.09%, 4, 0, 3, 104.57
1629360237, 0, 20, 139, 131, 43, 1.09%, 4, 0, 3, 120.75
1629360242, 0, 23, 139, 130, 42, 1.09%, 4, 0, 3, 139.60
1629361620, 0, 23, 140, 131, 42, 1.09%, 4, 0, 3, 133.75
1629361625, 0, 24, 141, 131, 41, 1.09%, 4, 0, 3, 126.15
1629361666, 0, 24, 142, 132, 41, 1.09%, 4, 0, 3, 119.37
1629361742, 0, 24, 144, 134, 41, 1.09%, 4, 0, 3, 121.74
1629361788, 0, 24, 145, 135, 41, 1.09%, 4, 0, 3, 121.57
1629361997, 0, 24, 145, 135, 41, 1.09%, 5, 0, 3, 117.24
1629362002, 0, 24, 146, 136, 41, 1.09%, 5, 0, 3, 111.29
1629363052, 0, 26, 146, 135, 43, 1.09%, 5, 0, 3, 130.63
1629363062, 0, 26, 147, 136, 43, 1.09%, 5, 0, 3, 118.04
1629363113, 0, 26, 149, 138, 43, 1.10%, 5, 0, 3, 110.79
1629363126, 0, 26, 150, 139, 43, 1.14%, 5, 0, 3, 0.53
1629363249, 0, 29, 150, 138, 44, 1.14%, 5, 0, 3, 155.32
1629364687, 0, 29, 151, 139, 44, 1.14%, 5, 0, 3, 132.42
1629364692, 0, 29, 152, 140, 44, 1.14%, 5, 0, 3, 135.22
1629364707, 0, 29, 154, 142, 44, 1.14%, 5, 0, 3, 136.47
1629364712, 0, 29, 155, 143, 44, 1.14%, 5, 0, 3, 139.06
1629364753, 0, 29, 156, 144, 44, 1.14%, 5, 0, 3, 139.50
1629364784, 0, 29, 157, 145, 44, 1.14%, 5, 0, 3, 134.09
1629364789, 0, 29, 158, 146, 44, 1.14%, 5, 0, 3, 146.83
1629364804, 0, 30, 158, 145, 44, 1.14%, 5, 0, 3, 157.00
1629364865, 0, 30, 159, 146, 44, 1.14%, 5, 0, 3, 109.70
1629364967, 0, 33, 159, 145, 43, 1.14%, 5, 0, 3, 172.90
1629365140, 0, 35, 159, 144, 42, 1.14%, 5, 0, 3, 149.21
1629365527, 0, 35, 159, 144, 42, 1.14%, 6, 0, 3, 110.73
1629366579, 0, 35, 160, 145, 42, 1.14%, 6, 0, 3, 133.12
1629366589, 0, 37, 160, 144, 41, 1.14%, 6, 0, 3, 109.95
1629366975, 0, 37, 161, 145, 41, 1.14%, 6, 0, 3, 103.04
1629368061, 0, 38, 161, 144, 40, 1.14%, 6, 0, 3, 132.76
1629368087, 0, 38, 162, 145, 40, 1.19%, 6, 0, 3, 6.14
1629368141, 0, 38, 163, 146, 40, 1.19%, 6, 0, 3, 109.21
1629368261, 0, 39, 163, 145, 40, 1.19%, 6, 0, 3, 157.87
1629368266, 0, 39, 165, 147, 40, 1.19%, 6, 0, 3, 141.09
1629368289, 0, 39, 166, 148, 40, 1.19%, 6, 0, 3, 0.26
1629368460, 0, 39, 167, 149, 40, 1.19%, 6, 0, 3, 202.28
1629368470, 0, 41, 167, 148, 41, 1.19%, 6, 0, 3, 148.35
1629368521, 0, 41, 168, 149, 41, 1.19%, 6, 0, 3, 108.33
1629368617, 0, 41, 169, 150, 41, 1.24%, 6, 0, 3, 195.32
1629368822, 0, 41, 169, 150, 41, 1.24%, 7, 0, 3, 141.32
1629368908, 0, 41, 170, 151, 41, 1.24%, 7, 0, 3, 124.45
1629368913, 0, 41, 172, 153, 41, 1.25%, 7, 0, 3, 122.82
1629369879, 0, 41, 173, 154, 41, 1.25%, 7, 0, 3, 143.19
1629369884, 0, 41, 175, 156, 41, 1.25%, 7, 0, 3, 132.80
1629369919, 0, 41, 176, 157, 41, 1.25%, 7, 0, 3, 145.23
1629369924, 0, 41, 177, 158, 41, 1.25%, 7, 0, 3, 139.51
1629369940, 0, 41, 178, 159, 41, 1.25%, 7, 0, 3, 139.03
1629369945, 0, 41, 179, 160, 41, 1.25%, 7, 0, 3, 131.29
1629369950, 0, 41, 180, 161, 41, 1.25%, 7, 0, 3, 137.98
1629369960, 0, 44, 180, 160, 43, 1.25%, 7, 0, 3, 136.55
1629370021, 0, 44, 181, 161, 43, 1.25%, 7, 0, 3, 111.61
1629370056, 0, 44, 182, 162, 43, 1.25%, 7, 0, 3, 121.76
1629370346, 0, 44, 182, 162, 43, 1.25%, 8, 0, 3, 114.29
1629371412, 0, 46, 182, 161, 43, 1.25%, 8, 0, 3, 119.80
1629372438, 0, 49, 182, 160, 42, 1.25%, 8, 0, 3, 151.27
1629372489, 0, 49, 182, 160, 42, 1.25%, 9, 0, 3, 128.63
1629372591, 0, 50, 182, 159, 41, 1.25%, 9, 0, 3, 180.54
1629372672, 0, 50, 183, 160, 41, 1.25%, 9, 0, 3, 113.53
1629372758, 0, 53, 183, 159, 40, 1.25%, 9, 0, 3, 149.89
1629372820, 0, 53, 184, 160, 40, 1.26%, 9, 0, 3, 3.20
1629372949, 0, 54, 184, 159, 40, 1.26%, 9, 0, 3, 187.05
1629372995, 0, 54, 185, 160, 40, 1.26%, 9, 0, 3, 115.86
1629373046, 0, 54, 186, 161, 40, 1.26%, 9, 0, 3, 118.20
1629373315, 0, 54, 186, 161, 40, 1.26%, 10, 0, 3, 125.37
1629374298, 0, 54, 187, 162, 40, 1.26%, 10, 0, 3, 146.72
1629374303, 0, 54, 188, 163, 40, 1.26%, 10, 0, 3, 155.11
1629374323, 0, 54, 189, 164, 40, 1.26%, 10, 0, 3, 164.81
1629374374, 0, 64, 189, 163, 40, 1.26%, 10, 0, 3, 146.33
1629374384, 0, 64, 190, 164, 40, 1.26%, 10, 0, 3, 124.51
1629374549, 0, 66, 190, 163, 40, 1.26%, 10, 0, 3, 186.80
1629374612, 0, 66, 191, 164, 40, 1.26%, 10, 0, 3, 5.13
1629374743, 0, 69, 191, 163, 40, 1.26%, 10, 0, 3, 155.57
1629374794, 0, 69, 192, 164, 40, 1.26%, 10, 0, 3, 120.06
1629374916, 0, 72, 192, 163, 38, 1.26%, 10, 0, 3, 141.58
1629375358, 0, 72, 192, 163, 38, 1.26%, 11, 0, 3, 125.12
1629376028, 0, 72, 193, 164, 38, 1.26%, 11, 0, 3, 77.60
1629376672, 0, 74, 193, 163, 37, 1.26%, 11, 0, 3, 131.23
1629376937, 0, 74, 194, 164, 37, 1.26%, 11, 0, 3, 103.99
1629377049, 0, 74, 194, 164, 37, 1.26%, 12, 0, 3, 113.37
1629378111, 0, 74, 195, 165, 37, 1.26%, 12, 0, 3, 138.79
1629378126, 0, 78, 195, 164, 37, 1.26%, 12, 0, 3, 107.25
1629378533, 0, 78, 196, 165, 37, 1.29%, 12, 0, 3, 124.12
1629378625, 0, 78, 197, 166, 37, 1.29%, 12, 0, 3, 78.14
1629378630, 0, 78, 198, 167, 37, 1.29%, 12, 0, 3, 77.63
1629379857, 0, 78, 199, 168, 37, 1.29%, 12, 0, 3, 126.86
1629379888, 0, 78, 201, 170, 37, 1.29%, 12, 0, 3, 131.50
1629379923, 0, 83, 201, 169, 36, 1.29%, 12, 0, 3, 126.67
1629379964, 0, 83, 202, 170, 36, 1.29%, 12, 0, 3, 119.00
1629380208, 0, 83, 203, 171, 36, 1.29%, 12, 0, 3, 118.11
1629380365, 0, 83, 205, 173, 36, 1.30%, 12, 0, 3, 112.84
1629381215, 0, 84, 205, 172, 38, 1.30%, 12, 0, 3, 163.55
1629381459, 0, 84, 206, 173, 38, 1.30%, 12, 0, 3, 105.38
1629381566, 0, 84, 206, 173, 38, 1.30%, 13, 0, 3, 138.81
1629382545, 0, 84, 207, 174, 38, 1.30%, 13, 0, 3, 154.17
1629382555, 0, 84, 208, 175, 38, 1.30%, 13, 0, 3, 149.25
1629382575, 0, 85, 208, 174, 39, 1.30%, 13, 0, 3, 161.33
1629382749, 0, 85, 209, 175, 39, 1.30%, 13, 0, 3, 143.74
1629382771, 0, 87, 209, 174, 38, 1.30%, 13, 0, 3, 159.61
1629383095, 0, 87, 210, 175, 38, 1.31%, 13, 0, 3, 0.45
1629383994, 0, 88, 210, 174, 37, 1.31%, 13, 0, 3, 148.43
1629384306, 0, 88, 211, 175, 37, 1.31%, 13, 0, 3, 146.23
1629385192, 0, 96, 211, 174, 37, 1.31%, 13, 0, 3, 0.34
1629385263, 0, 96, 212, 175, 37, 1.31%, 13, 0, 3, 0.86
1629385319, 0, 96, 213, 176, 37, 1.31%, 13, 0, 3, 0.71
1629385345, 0, 96, 214, 177, 37, 1.31%, 13, 0, 3, 0.58
1629385533, 0, 96, 215, 178, 37, 1.32%, 13, 0, 3, 0.29
1629385657, 0, 96, 216, 179, 37, 1.32%, 13, 0, 3, 1.31
1629385851, 0, 96, 217, 180, 37, 1.32%, 13, 0, 3, 0.68
1629385897, 0, 96, 218, 181, 37, 1.32%, 13, 0, 3, 1.68
1629386553, 0, 96, 219, 182, 37, 1.32%, 13, 0, 3, 8.66
1629387036, 0, 96, 220, 183, 37, 1.32%, 13, 0, 3, 0.82
1629387192, 0, 96, 221, 184, 37, 1.34%, 13, 0, 3, 4.94
1629387204, 0, 96, 222, 185, 37, 1.34%, 13, 0, 3, 0.84
1629387228, 0, 96, 223, 186, 37, 1.34%, 13, 0, 3, 1.27
1629387859, 0, 96, 224, 187, 37, 1.34%, 13, 0, 3, 0.73
1629388707, 0, 96, 225, 188, 37, 1.34%, 13, 0, 3, 12.14
1629388768, 0, 96, 226, 189, 37, 1.34%, 13, 0, 3, 0.44
1629388842, 0, 96, 227, 190, 37, 1.34%, 13, 0, 3, 1.49
1629388908, 0, 96, 229, 192, 37, 1.37%, 13, 0, 3, 0.32
1629388934, 0, 96, 230, 193, 37, 1.37%, 13, 0, 3, 0.50
1629388984, 0, 96, 232, 195, 37, 1.37%, 13, 0, 3, 1.38
1629388990, 0, 96, 233, 196, 37, 1.37%, 13, 0, 3, 10.22
1629389017, 0, 96, 234, 197, 37, 1.37%, 13, 0, 3, 2.82
1629389042, 0, 96, 235, 198, 37, 1.37%, 13, 0, 3, 2.15
1629390005, 0, 96, 236, 199, 37, 1.37%, 13, 0, 3, 1.16
1629390245, 0, 96, 237, 200, 37, 1.37%, 13, 0, 3, 0.95
1629391175, 0, 96, 238, 201, 37, 1.37%, 13, 0, 3, 160.49
1629391318, 0, 96, 240, 203, 37, 1.38%, 13, 0, 3, 183.55
1629392001, 0, 96, 241, 204, 37, 1.38%, 13, 0, 3, 0.84
1629392388, 0, 96, 242, 205, 37, 1.38%, 13, 0, 3, 1.12
1629401807, 0, 96, 243, 206, 37, 1.39%, 13, 0, 3, 0.28
1629401837, 0, 96, 245, 208, 37, 1.39%, 13, 0, 3, 131.70
1629401842, 0, 96, 251, 214, 37, 1.39%, 13, 0, 3, 135.45
1629402792, 0, 96, 252, 215, 37, 1.39%, 13, 0, 3, 0.45
1629402975, 0, 96, 253, 216, 37, 1.39%, 13, 0, 3, 1.12
1629403191, 0, 96, 254, 217, 37, 1.39%, 13, 0, 3, 0.83
1629404060, 0, 101, 254, 216, 40, 1.39%, 13, 0, 3, 122.29
1629404203, 0, 101, 255, 217, 40, 1.46%, 13, 0, 3, 206.01
1629404424, 0, 101, 257, 219, 40, 1.46%, 14, 0, 3, 111.31
1629405396, 0, 106, 257, 218, 42, 1.46%, 14, 0, 3, 137.79
1629405758, 0, 106, 257, 218, 42, 1.46%, 15, 0, 3, 128.14
1629406242, 0, 106, 258, 219, 42, 1.46%, 15, 0, 3, 128.74
1629406675, 0, 110, 258, 218, 42, 1.46%, 15, 0, 3, 155.30
1629407113, 0, 110, 258, 218, 42, 1.46%, 16, 0, 3, 119.23
1629407200, 0, 110, 259, 219, 42, 1.46%, 16, 0, 3, 89.78
1629408354, 0, 113, 259, 218, 41, 1.46%, 16, 0, 3, 157.92
1629408985, 0, 113, 260, 219, 41, 1.47%, 16, 0, 3, 114.33
1629409661, 0, 122, 260, 218, 42, 1.47%, 16, 0, 3, 114.71
1629410118, 0, 122, 260, 218, 42, 1.47%, 17, 0, 3, 110.61
1629411216, 0, 122, 263, 221, 42, 1.47%, 17, 0, 3, 141.34
1629411226, 0, 122, 264, 222, 42, 1.47%, 17, 0, 3, 150.52
1629411232, 0, 122, 265, 223, 42, 1.47%, 17, 0, 3, 155.42
1629411252, 0, 122, 266, 224, 42, 1.47%, 17, 0, 3, 159.98
1629411278, 0, 122, 267, 225, 42, 1.47%, 17, 0, 3, 152.00
1629411293, 0, 131, 267, 224, 41, 1.47%, 17, 0, 3, 148.26
1629411420, 0, 131, 268, 225, 41, 1.50%, 17, 0, 4, 112.07
1629411615, 0, 131, 269, 226, 41, 1.60%, 17, 0, 4, 117.13
1629412466, 0, 132, 269, 225, 42, 1.60%, 17, 0, 4, 139.26
1629412641, 0, 132, 270, 226, 42, 1.60%, 17, 0, 4, 113.17
1629413801, 0, 132, 271, 227, 42, 1.60%, 17, 0, 4, 169.61
1629413811, 0, 134, 271, 226, 41, 1.60%, 17, 0, 4, 272.14
1629413826, 0, 141, 271, 225, 40, 1.60%, 17, 0, 4, 196.90
1629413872, 0, 141, 271, 225, 40, 1.60%, 18, 0, 4, 147.09
1629413969, 0, 146, 271, 224, 39, 1.60%, 18, 0, 4, 217.70
1629414112, 0, 154, 271, 223, 38, 1.60%, 18, 0, 4, 177.43
1629414500, 0, 164, 271, 222, 37, 1.60%, 18, 0, 4, 162.81
1629414547, 0, 164, 272, 223, 37, 1.60%, 18, 0, 4, 143.06
1629414639, 0, 164, 273, 224, 37, 1.60%, 18, 0, 4, 194.94
1629414645, 0, 164, 274, 225, 37, 1.60%, 18, 0, 4, 260.43
1629414665, 0, 166, 277, 227, 36, 1.60%, 18, 0, 4, 171.45
1629414716, 0, 166, 278, 228, 36, 1.60%, 18, 0, 4, 132.64
1629414721, 0, 166, 279, 229, 36, 1.61%, 18, 0, 4, 138.40
1629414948, 0, 166, 281, 231, 36, 1.61%, 18, 0, 4, 196.98
1629414953, 0, 166, 283, 233, 36, 1.61%, 18, 0, 4, 225.54
1629415002, 0, 167, 283, 232, 36, 1.61%, 18, 0, 4, 244.07
1629416166, 0, 167, 284, 233, 36, 1.61%, 18, 0, 4, 162.42
1629416171, 0, 167, 285, 234, 36, 1.61%, 18, 0, 4, 174.14
1629416197, 0, 168, 285, 233, 36, 1.61%, 18, 0, 4, 164.78
1629416460, 0, 168, 286, 234, 36, 1.61%, 18, 0, 4, 0.28
1629416491, 0, 168, 287, 235, 36, 1.61%, 18, 0, 4, 0.26
1629416586, 0, 168, 288, 236, 36, 1.61%, 18, 0, 4, 0.26
1629417000, 0, 168, 289, 237, 36, 1.61%, 18, 0, 4, 0.38
1629417182, 0, 168, 290, 238, 36, 1.61%, 18, 0, 4, 0.82
1629417566, 0, 168, 291, 239, 36, 1.61%, 18, 0, 4, 0.23
1629418907, 0, 169, 291, 238, 36, 1.61%, 18, 0, 4, 150.13
1629418912, 0, 169, 293, 240, 36, 1.61%, 18, 0, 4, 141.30
1629419188, 0, 169, 293, 240, 36, 1.61%, 19, 0, 4, 153.65
1629419963, 0, 169, 294, 241, 36, 1.61%, 19, 0, 4, 142.39
1629419983, 0, 170, 294, 240, 36, 1.61%, 19, 0, 4, 164.54
1629420254, 0, 170, 294, 240, 36, 1.61%, 20, 0, 4, 186.74
1629421014, 0, 170, 295, 241, 36, 1.61%, 20, 0, 4, 200.02
1629421024, 0, 171, 295, 240, 35, 1.61%, 20, 0, 4, 196.59
1629421284, 0, 171, 295, 240, 35, 1.61%, 21, 0, 4, 223.67
1629422009, 0, 171, 296, 241, 35, 1.61%, 21, 0, 4, 174.44
1629422024, 0, 176, 300, 244, 35, 1.61%, 21, 0, 4, 205.18
1629422395, 0, 181, 300, 243, 35, 1.61%, 21, 0, 4, 246.76
1629422659, 0, 181, 300, 243, 35, 1.61%, 22, 0, 4, 195.73
1629423379, 0, 181, 301, 244, 35, 1.61%, 22, 0, 4, 203.20
1629423389, 0, 182, 301, 243, 35, 1.61%, 22, 0, 4, 196.09
1629423466, 0, 182, 302, 244, 35, 1.61%, 22, 0, 4, 159.93
1629423619, 0, 183, 302, 243, 34, 1.61%, 22, 0, 4, 2.43
