# unix_time, cycles_done, cur_path, paths_total, pending_total, pending_favs, map_size, unique_crashes, unique_hangs, max_depth, execs_per_sec
1650897843, 0, 0, 1, 1, 1, 0.30%, 0, 0, 1, 11.83
1650897849, 0, 0, 18, 18, 1, 0.58%, 0, 0, 2, 263.56
1650897854, 0, 0, 26, 26, 1, 0.62%, 0, 0, 2, 252.65
1650897864, 0, 0, 32, 32, 1, 0.63%, 0, 0, 2, 264.94
1650897869, 0, 0, 34, 34, 1, 0.64%, 0, 0, 2, 268.10
1650897874, 0, 0, 46, 46, 1, 0.68%, 0, 0, 2, 291.95
1650897879, 0, 0, 54, 54, 1, 0.70%, 0, 0, 2, 232.85
1650897889, 0, 0, 57, 57, 1, 0.70%, 0, 0, 2, 135.56
1650897900, 0, 0, 58, 58, 1, 0.70%, 0, 0, 2, 118.75
1650897915, 0, 0, 59, 59, 1, 0.70%, 0, 0, 2, 118.32
1650897936, 0, 0, 60, 60, 1, 0.70%, 0, 0, 2, 119.15
1650897946, 0, 0, 62, 62, 1, 0.70%, 0, 0, 2, 128.79
1650897951, 0, 0, 63, 63, 1, 0.70%, 0, 0, 2, 143.85
1650897956, 0, 0, 64, 64, 1, 0.71%, 0, 0, 2, 165.70
1650897992, 0, 0, 69, 69, 1, 0.71%, 0, 0, 2, 178.93
1650898069, 0, 0, 77, 77, 1, 0.71%, 0, 0, 2, 162.95
1650898074, 0, 0, 87, 87, 1, 0.77%, 0, 0, 2, 121.18
1650898079, 0, 0, 88, 88, 1, 0.77%, 0, 0, 2, 97.65
1650898094, 0, 0, 89, 89, 1, 0.77%, 0, 0, 2, 90.73
1650898099, 0, 0, 90, 90, 1, 0.77%, 0, 0, 2, 70.90
1650898114, 0, 0, 92, 92, 1, 0.77%, 0, 0, 2, 68.40
1650898119, 0, 0, 93, 93, 1, 0.77%, 0, 0, 2, 69.51
1650898130, 0, 0, 94, 94, 1, 0.77%, 0, 0, 2, 66.20
1650898165, 0, 0, 95, 95, 1, 0.77%, 0, 0, 2, 68.60
1650898175, 0, 0, 96, 96, 1, 0.77%, 0, 0, 2, 70.37
1650898364, 0, 0, 97, 97, 1, 0.77%, 0, 0, 2, 49.52
1650898420, 0, 0, 98, 98, 1, 0.78%, 0, 0, 2, 50.49
1650898691, 0, 0, 99, 99, 1, 0.78%, 0, 0, 2, 36.75
1650898871, 0, 0, 101, 101, 1, 0.78%, 0, 0, 2, 100.07
1650898922, 0, 0, 103, 103, 1, 0.79%, 0, 0, 2, 40.17
1650898927, 0, 0, 105, 105, 1, 0.79%, 0, 0, 2, 45.13
1650898932, 0, 0, 108, 108, 1, 0.80%, 0, 0, 2, 47.29
1650898937, 0, 0, 113, 113, 1, 0.80%, 0, 0, 2, 43.83
1650898942, 0, 0, 118, 118, 1, 0.80%, 0, 0, 2, 45.32
1650898948, 0, 0, 121, 121, 1, 0.80%, 0, 0, 2, 45.74
1650898953, 0, 0, 123, 123, 1, 0.80%, 0, 0, 2, 1.63
1650898958, 0, 0, 124, 124, 1, 0.80%, 0, 0, 2, 34.41
1650898963, 0, 0, 127, 127, 1, 0.81%, 0, 0, 2, 35.68
1650898968, 0, 0, 129, 129, 1, 0.87%, 0, 0, 2, 38.13
1650898974, 0, 0, 132, 132, 1, 0.88%, 0, 0, 2, 37.09
1650898984, 0, 0, 133, 133, 1, 0.88%, 0, 0, 2, 43.45
1650906281, 0, 0, 135, 135, 1, 0.88%, 0, 0, 2, 45.64
1650906287, 0, 0, 136, 136, 1, 0.88%, 0, 0, 2, 44.25
1650906369, 0, 0, 138, 138, 1, 0.88%, 0, 0, 2, 44.53
1650906374, 0, 0, 146, 146, 1, 0.88%, 0, 0, 2, 54.44
1650906379, 0, 0, 151, 151, 1, 0.88%, 0, 0, 2, 55.96
1650906384, 0, 0, 153, 153, 1, 0.88%, 0, 0, 2, 54.49
1650906389, 0, 0, 155, 155, 1, 0.88%, 0, 0, 2, 50.55
1650906399, 0, 0, 156, 156, 1, 0.88%, 0, 0, 2, 57.45
1650906404, 0, 0, 160, 160, 1, 0.88%, 0, 0, 2, 55.77
1650906410, 0, 0, 161, 161, 1, 0.88%, 0, 0, 2, 55.79
1650906425, 0, 0, 163, 163, 1, 0.88%, 0, 0, 2, 54.96
1650906430, 0, 0, 165, 165, 1, 0.88%, 0, 0, 2, 53.52
1650906435, 0, 0, 166, 166, 1, 0.88%, 0, 0, 2, 56.84
1650906446, 0, 0, 168, 168, 1, 0.88%, 0, 0, 2, 59.42
1650906451, 0, 0, 170, 170, 1, 0.88%, 0, 0, 2, 58.73
1650906456, 0, 0, 171, 171, 1, 0.88%, 0, 0, 2, 53.63
1650906487, 0, 0, 173, 173, 1, 0.88%, 0, 0, 2, 49.38
1650906502, 0, 0, 174, 174, 1, 0.88%, 0, 0, 2, 53.80
1650906518, 0, 0, 175, 175, 1, 0.88%, 0, 0, 2, 52.01
1650906523, 0, 0, 176, 176, 1, 0.88%, 0, 0, 2, 54.68
1650906528, 0, 0, 177, 177, 1, 0.88%, 0, 0, 2, 58.64
1650906553, 0, 0, 178, 178, 1, 0.88%, 0, 0, 2, 55.87
1650906579, 0, 0, 180, 180, 1, 0.88%, 0, 0, 2, 53.34
1650906610, 0, 0, 181, 181, 1, 0.88%, 0, 0, 2, 58.47
1650906650, 0, 0, 182, 182, 1, 0.88%, 0, 0, 2, 55.68
1650906676, 0, 0, 183, 183, 1, 0.88%, 0, 0, 2, 56.64
1650906712, 0, 0, 184, 184, 1, 0.88%, 0, 0, 2, 59.82
1650906732, 0, 0, 185, 185, 1, 0.88%, 0, 0, 2, 53.27
1650906784, 0, 0, 186, 186, 1, 0.88%, 0, 0, 2, 57.49
1650906865, 0, 0, 187, 187, 1, 0.88%, 0, 0, 2, 53.31
1650906876, 0, 0, 189, 189, 1, 0.88%, 0, 0, 2, 51.51
1650906963, 0, 4, 189, 188, 49, 0.88%, 0, 0, 2, 56.62
1650907377, 0, 7, 189, 187, 48, 0.88%, 0, 0, 2, 107.89
1650907491, 0, 7, 190, 188, 48, 0.89%, 0, 0, 3, 0.03
1650908082, 0, 8, 190, 187, 47, 0.89%, 0, 0, 3, 95.93
1650908220, 0, 8, 191, 188, 47, 0.89%, 0, 0, 3, 42.21
1650908512, 0, 12, 191, 187, 46, 0.89%, 0, 0, 3, 103.75
1650917166, 0, 12, 192, 188, 46, 0.89%, 0, 0, 3, 54.69
1650917171, 0, 12, 193, 189, 46, 0.89%, 0, 0, 3, 52.37
1650917197, 0, 12, 194, 190, 46, 0.89%, 0, 0, 3, 55.61
1650917294, 0, 12, 195, 191, 46, 0.89%, 0, 0, 3, 52.55
1650917351, 0, 12, 196, 192, 46, 0.89%, 0, 0, 3, 51.40
1650917376, 0, 12, 197, 193, 46, 0.89%, 0, 0, 3, 55.76
1650917382, 0, 12, 198, 194, 46, 0.89%, 0, 0, 3, 53.13
1650917423, 0, 12, 199, 195, 46, 0.89%, 0, 0, 3, 57.02
1650917448, 0, 12, 200, 196, 46, 0.89%, 0, 0, 3, 56.14
1650917505, 0, 12, 201, 197, 46, 0.89%, 0, 0, 3, 60.91
1650917536, 0, 12, 202, 198, 46, 0.89%, 0, 0, 3, 57.80
1650917571, 0, 13, 202, 197, 46, 0.89%, 0, 0, 3, 56.96
1650918883, 0, 13, 203, 198, 46, 0.89%, 0, 0, 3, 45.07
1650926160, 0, 13, 204, 199, 46, 0.89%, 0, 0, 3, 56.51
1650926170, 0, 13, 205, 200, 46, 0.89%, 0, 0, 3, 58.43
1650926247, 0, 13, 206, 201, 46, 0.89%, 0, 0, 3, 59.27
1650926278, 0, 13, 207, 202, 46, 0.89%, 0, 0, 3, 57.22
1650926329, 0, 13, 208, 203, 46, 0.89%, 0, 0, 3, 56.84
1650926426, 0, 13, 209, 204, 46, 0.89%, 0, 0, 3, 53.57
1650926467, 0, 13, 211, 206, 46, 0.89%, 0, 0, 3, 52.39
1650926564, 0, 13, 213, 208, 46, 0.89%, 0, 0, 3, 55.28
1650926589, 0, 14, 214, 208, 47, 0.89%, 0, 0, 3, 57.70
1650935384, 0, 19, 214, 207, 46, 0.89%, 0, 0, 3, 54.21
1650936880, 0, 19, 215, 208, 46, 0.90%, 0, 0, 3, 48.92
1650942974, 0, 19, 216, 209, 46, 0.90%, 0, 0, 3, 61.58
1650942989, 0, 19, 217, 210, 46, 0.90%, 0, 0, 3, 63.27
1650943122, 0, 19, 218, 211, 46, 0.90%, 0, 0, 3, 59.74
1650943153, 0, 19, 219, 212, 46, 0.90%, 0, 0, 3, 65.04
1650943158, 0, 19, 220, 213, 46, 0.90%, 0, 0, 3, 58.45
1650943250, 0, 19, 221, 214, 46, 0.90%, 0, 0, 3, 60.65
1650943337, 0, 19, 222, 215, 46, 0.90%, 0, 0, 3, 55.71
1650943347, 0, 19, 223, 216, 46, 0.90%, 0, 0, 3, 54.04
1650943352, 0, 20, 223, 215, 47, 0.90%, 0, 0, 3, 54.35
1650950917, 0, 20, 224, 216, 47, 0.90%, 0, 0, 3, 64.78
1650950988, 0, 21, 224, 215, 46, 0.90%, 0, 0, 3, 61.63
1650951396, 0, 22, 224, 214, 45, 0.90%, 0, 0, 3, 89.71
1650951557, 0, 22, 225, 215, 45, 0.91%, 0, 0, 3, 0.07
1650951918, 0, 22, 226, 216, 45, 0.91%, 0, 0, 3, 61.11
1650952199, 0, 23, 226, 215, 44, 0.91%, 0, 0, 3, 93.88
1650952368, 0, 23, 227, 216, 44, 0.91%, 0, 0, 3, 49.49
1650952644, 0, 26, 227, 215, 43, 0.91%, 0, 0, 3, 96.74
1650952805, 0, 26, 228, 216, 43, 0.91%, 0, 0, 3, 0.78
1650953401, 0, 26, 229, 217, 43, 0.91%, 0, 0, 3, 114.98
1650953411, 0, 26, 230, 218, 43, 0.91%, 0, 0, 3, 114.68
1650953432, 0, 26, 231, 219, 43, 0.91%, 0, 0, 3, 113.97
1650953457, 0, 26, 232, 220, 43, 0.91%, 0, 0, 3, 115.36
1650953601, 0, 29, 232, 219, 42, 0.91%, 0, 0, 3, 75.81
1650953902, 0, 30, 232, 218, 41, 0.91%, 0, 0, 3, 124.14
1650953907, 0, 30, 232, 218, 41, 0.91%, 3, 0, 3, 76.45
1650953912, 0, 30, 232, 218, 41, 0.91%, 6, 0, 3, 73.10
1650953967, 0, 30, 232, 218, 41, 0.91%, 8, 0, 3, 0.09
1650954299, 0, 30, 232, 218, 41, 0.91%, 9, 0, 3, 96.60
1650954319, 0, 30, 232, 218, 41, 0.91%, 10, 0, 3, 105.14
1650954325, 0, 33, 232, 217, 40, 0.91%, 10, 0, 3, 75.93
1650954371, 0, 33, 233, 218, 40, 0.91%, 10, 0, 3, 42.94
1650962156, 0, 40, 233, 217, 40, 0.91%, 10, 0, 3, 93.39
1650962233, 0, 42, 233, 216, 39, 0.91%, 10, 0, 3, 112.29
1650962268, 0, 42, 234, 217, 39, 0.91%, 10, 0, 3, 82.90
1650962553, 0, 44, 234, 216, 38, 0.91%, 10, 0, 3, 87.99
1650962659, 0, 44, 235, 217, 38, 0.91%, 10, 0, 3, 62.86
1650962894, 0, 45, 235, 216, 37, 0.91%, 10, 0, 3, 117.02
1650963227, 0, 49, 235, 215, 36, 0.91%, 10, 0, 3, 135.27
1650963563, 0, 50, 235, 214, 35, 0.91%, 10, 0, 3, 101.49
1650965098, 0, 50, 236, 215, 35, 0.91%, 10, 0, 3, 55.24
1650965103, 0, 50, 238, 217, 35, 0.94%, 10, 0, 3, 55.39
1650965108, 0, 50, 239, 218, 35, 0.94%, 10, 0, 3, 58.42
1650970532, 0, 51, 239, 217, 37, 0.94%, 10, 0, 3, 66.45
1650977498, 0, 52, 239, 216, 36, 0.94%, 10, 0, 3, 67.48
1650984548, 0, 56, 239, 215, 35, 0.94%, 10, 0, 3, 61.62
1650984746, 0, 56, 240, 216, 35, 0.94%, 10, 0, 3, 48.08
