# unix_time, cycles_done, cur_path, paths_total, pending_total, pending_favs, map_size, unique_crashes, unique_hangs, max_depth, execs_per_sec
1650726629, 0, 0, 1, 1, 1, 0.11%, 0, 0, 1, 73.39
1650726635, 0, 0, 20, 20, 1, 0.24%, 1, 0, 2, 1009.21
1650726640, 0, 0, 27, 27, 1, 0.24%, 1, 0, 2, 1005.58
1650726645, 0, 0, 34, 34, 1, 0.26%, 1, 0, 2, 847.24
1650726650, 0, 0, 38, 38, 1, 0.26%, 1, 0, 2, 597.80
1650726655, 0, 0, 39, 39, 1, 0.26%, 1, 0, 2, 558.69
1650726660, 0, 0, 41, 41, 1, 0.30%, 1, 0, 2, 441.25
1650726695, 0, 0, 42, 42, 1, 0.30%, 1, 0, 2, 224.44
1650726711, 0, 0, 43, 43, 1, 0.30%, 1, 0, 2, 174.45
1650726716, 0, 0, 44, 44, 1, 0.30%, 1, 0, 2, 194.78
1650726736, 0, 0, 45, 45, 1, 0.31%, 1, 0, 2, 257.14
1650726741, 0, 0, 46, 46, 1, 0.31%, 1, 0, 2, 261.22
1650726827, 0, 0, 48, 48, 1, 0.31%, 1, 0, 2, 298.22
1650726893, 0, 0, 49, 49, 1, 0.32%, 1, 0, 2, 233.14
1650726908, 0, 0, 50, 50, 1, 0.32%, 1, 0, 2, 213.58
1650727912, 0, 0, 51, 51, 1, 0.32%, 1, 0, 2, 229.94
1650727917, 0, 2, 51, 50, 15, 0.32%, 1, 0, 2, 293.01
1650729890, 0, 2, 53, 52, 15, 0.32%, 1, 0, 3, 219.38
1650729900, 0, 2, 56, 55, 15, 0.32%, 1, 0, 3, 233.77
1650729936, 0, 2, 57, 56, 15, 0.32%, 1, 0, 3, 244.56
1650729991, 0, 5, 57, 55, 14, 0.32%, 1, 0, 3, 212.49
1650731224, 0, 11, 57, 54, 13, 0.32%, 1, 0, 3, 274.29
1650731285, 0, 11, 58, 55, 13, 0.34%, 1, 0, 3, 139.83
1650731529, 0, 12, 58, 54, 13, 0.34%, 1, 0, 3, 284.51
1650732726, 0, 12, 59, 55, 13, 0.34%, 1, 0, 3, 190.99
1650732781, 0, 16, 59, 54, 12, 0.34%, 1, 0, 3, 218.52
1650734096, 0, 16, 60, 55, 12, 0.34%, 1, 0, 3, 246.04
1650734101, 0, 16, 61, 56, 12, 0.34%, 1, 0, 3, 249.65
1650734111, 0, 16, 62, 57, 12, 0.34%, 1, 0, 3, 265.58
1650734116, 0, 16, 63, 58, 12, 0.34%, 1, 0, 3, 266.17
1650734182, 0, 18, 63, 57, 11, 0.34%, 1, 0, 3, 290.51
1650734700, 0, 24, 63, 56, 10, 0.34%, 1, 0, 3, 271.54
1650735938, 0, 24, 64, 57, 10, 0.34%, 1, 0, 3, 263.20
1650735948, 0, 24, 65, 58, 10, 0.34%, 1, 0, 3, 290.65
1650735963, 0, 26, 65, 57, 9, 0.34%, 1, 0, 3, 265.99
1650737292, 0, 28, 65, 56, 8, 0.34%, 1, 0, 3, 222.05
1650738831, 0, 39, 65, 55, 7, 0.34%, 1, 0, 3, 207.71
1650739131, 0, 39, 66, 56, 7, 0.34%, 1, 0, 3, 201.52
1650739710, 0, 39, 67, 57, 7, 0.36%, 1, 0, 3, 200.76
1650739720, 0, 39, 73, 63, 7, 0.37%, 1, 0, 3, 223.76
1650739741, 0, 39, 75, 65, 7, 0.37%, 1, 0, 3, 202.13
1650739761, 0, 39, 76, 66, 7, 0.37%, 1, 0, 3, 192.62
1650739776, 0, 39, 77, 67, 7, 0.37%, 1, 0, 3, 192.91
1650739807, 0, 39, 78, 68, 7, 0.37%, 1, 0, 3, 217.92
1650740198, 0, 40, 78, 67, 8, 0.37%, 1, 0, 3, 260.91
1650740295, 0, 40, 79, 68, 8, 0.37%, 1, 0, 3, 232.72
1650741533, 0, 43, 79, 67, 7, 0.37%, 1, 0, 3, 174.12
1650743630, 0, 44, 79, 66, 6, 0.37%, 1, 0, 3, 229.77
1650743925, 0, 46, 79, 65, 5, 0.37%, 1, 0, 3, 260.58
1650744483, 0, 46, 80, 66, 5, 0.37%, 1, 0, 3, 218.96
1650745183, 0, 48, 81, 66, 4, 0.38%, 1, 0, 3, 244.54
1650745350, 0, 48, 82, 67, 4, 0.38%, 1, 0, 3, 148.64
1650746647, 0, 50, 82, 66, 5, 0.38%, 1, 0, 3, 236.32
1650747830, 0, 57, 82, 65, 5, 0.38%, 1, 0, 3, 274.73
1650748151, 0, 57, 83, 66, 5, 0.38%, 1, 0, 4, 206.74
1650748176, 0, 73, 83, 65, 5, 0.38%, 1, 0, 4, 288.94
1650748181, 0, 73, 84, 66, 5, 0.41%, 1, 0, 4, 234.77
1650748211, 0, 73, 91, 73, 5, 0.41%, 1, 0, 4, 215.21
1650748227, 0, 73, 94, 76, 5, 0.42%, 1, 0, 4, 212.72
1650748313, 0, 73, 95, 77, 5, 0.42%, 1, 0, 4, 220.90
1650748323, 0, 73, 97, 79, 5, 0.42%, 1, 0, 4, 210.32
1650749131, 0, 73, 98, 80, 5, 0.42%, 1, 0, 4, 207.45
1650749324, 0, 73, 101, 83, 5, 0.42%, 1, 0, 4, 188.95
1650749538, 0, 73, 103, 85, 5, 0.42%, 1, 0, 4, 202.73
1650749644, 0, 73, 104, 86, 5, 0.42%, 1, 0, 4, 240.53
1650750056, 0, 76, 104, 85, 11, 0.42%, 1, 0, 4, 236.43
1650751631, 0, 80, 104, 84, 10, 0.42%, 1, 0, 4, 231.27
1650753102, 0, 81, 104, 83, 9, 0.42%, 1, 0, 4, 234.76
1650754934, 0, 82, 104, 82, 8, 0.42%, 1, 0, 4, 235.43
1650755574, 0, 84, 104, 81, 7, 0.42%, 1, 0, 4, 237.79
1650755625, 0, 84, 105, 82, 7, 0.42%, 1, 0, 5, 212.68
1650757392, 0, 84, 106, 83, 7, 0.42%, 1, 0, 5, 254.27
1650757402, 0, 89, 106, 82, 7, 0.42%, 1, 0, 5, 224.49
1650759297, 0, 91, 106, 81, 6, 0.42%, 1, 0, 5, 226.12
1650760862, 0, 92, 106, 80, 5, 0.42%, 1, 0, 5, 233.66
1650762670, 0, 95, 106, 79, 4, 0.42%, 1, 0, 5, 235.85
1650764204, 0, 95, 107, 80, 4, 0.42%, 1, 0, 5, 191.93
1650764458, 0, 96, 107, 79, 3, 0.42%, 1, 0, 5, 261.88
1650766237, 0, 96, 108, 80, 3, 0.42%, 1, 0, 5, 279.72
1650766248, 0, 97, 108, 79, 2, 0.42%, 1, 0, 5, 263.39
1650768152, 0, 97, 109, 80, 2, 0.42%, 1, 0, 5, 240.40
1650768167, 0, 104, 109, 79, 1, 0.42%, 1, 0, 5, 220.64
1650769988, 1, 2, 109, 78, 0, 0.42%, 1, 0, 5, 272.09
1650769993, 1, 4, 109, 78, 0, 0.42%, 1, 0, 5, 263.70
1650770998, 1, 5, 110, 78, 0, 0.42%, 1, 0, 5, 298.15
1650771003, 1, 5, 111, 79, 0, 0.42%, 1, 0, 5, 297.60
1650771008, 1, 6, 111, 79, 0, 0.42%, 1, 0, 5, 228.25
1650772414, 1, 6, 113, 81, 0, 0.42%, 1, 0, 5, 275.84
1650772434, 1, 6, 115, 83, 0, 0.42%, 1, 0, 5, 291.86
1650772444, 1, 6, 116, 84, 0, 0.42%, 1, 0, 5, 293.31
1650772474, 1, 6, 118, 86, 0, 0.42%, 1, 0, 5, 290.48
1650772520, 1, 7, 118, 85, 0, 0.42%, 1, 0, 5, 243.72
1650773854, 1, 11, 118, 84, 0, 0.42%, 1, 0, 5, 302.79
1650773859, 1, 13, 118, 84, 0, 0.42%, 1, 0, 5, 271.50
1650775178, 1, 13, 119, 85, 0, 0.42%, 1, 0, 5, 296.84
1650775183, 1, 13, 120, 86, 0, 0.42%, 1, 0, 5, 302.93
1650775198, 1, 15, 120, 85, 0, 0.42%, 1, 0, 5, 308.67
1650775386, 1, 18, 120, 84, 0, 0.42%, 1, 0, 5, 321.83
1650775391, 1, 19, 120, 84, 0, 0.42%, 1, 0, 5, 269.95
1650775980, 1, 21, 120, 83, 0, 0.42%, 1, 0, 5, 283.39
1650777049, 1, 22, 120, 82, 0, 0.42%, 1, 0, 5, 274.15
1650778196, 1, 23, 120, 81, 0, 0.42%, 1, 0, 5, 256.42
1650779599, 1, 26, 120, 80, 0, 0.42%, 1, 0, 5, 311.67
1650779604, 1, 37, 120, 80, 0, 0.42%, 1, 0, 5, 270.65
1650780838, 1, 42, 120, 79, 0, 0.42%, 1, 0, 5, 217.17
1650783324, 1, 43, 120, 78, 0, 0.42%, 1, 0, 5, 215.76
1650783329, 1, 54, 120, 78, 0, 0.42%, 1, 0, 5, 179.50
1650785915, 1, 54, 121, 79, 0, 0.42%, 1, 0, 5, 193.70
1650785925, 1, 63, 121, 78, 0, 0.42%, 1, 0, 5, 241.02
1650787255, 1, 63, 122, 79, 0, 0.42%, 1, 0, 5, 242.35
1650787260, 1, 70, 122, 78, 0, 0.42%, 1, 0, 5, 281.38
1650789660, 1, 72, 122, 77, 0, 0.42%, 1, 0, 5, 240.82
1650792230, 1, 72, 123, 78, 0, 0.42%, 1, 0, 5, 237.44
1650792235, 1, 72, 124, 79, 0, 0.42%, 1, 0, 5, 278.48
1650792241, 1, 72, 125, 80, 0, 0.42%, 1, 0, 5, 294.47
1650792261, 1, 77, 125, 79, 0, 0.42%, 1, 0, 5, 273.69
1650794075, 1, 84, 125, 78, 0, 0.42%, 1, 0, 5, 279.07
1650794080, 1, 89, 127, 80, 0, 0.42%, 1, 0, 5, 273.55
1650794085, 1, 91, 129, 82, 0, 0.42%, 1, 0, 5, 276.24
1650794090, 1, 92, 129, 82, 0, 0.42%, 1, 0, 5, 287.28
1650794095, 1, 96, 130, 83, 0, 0.42%, 1, 0, 5, 279.35
1650794100, 1, 102, 130, 83, 0, 0.42%, 1, 0, 5, 248.92
1650797295, 1, 102, 131, 84, 0, 0.42%, 1, 0, 5, 237.40
1650797300, 1, 102, 132, 85, 0, 0.42%, 1, 0, 5, 245.62
1650797310, 1, 102, 133, 86, 0, 0.42%, 1, 0, 5, 252.08
1650797341, 1, 102, 135, 88, 0, 0.42%, 1, 0, 5, 267.91
1650797351, 1, 102, 136, 89, 0, 0.42%, 1, 0, 5, 247.58
1650797386, 1, 104, 137, 89, 0, 0.42%, 1, 0, 6, 291.91
1650797391, 1, 105, 137, 89, 0, 0.42%, 1, 0, 6, 239.67
1650799252, 1, 105, 138, 90, 0, 0.42%, 1, 0, 6, 253.86
1650799257, 1, 105, 139, 91, 0, 0.42%, 1, 0, 6, 299.74
1650799277, 1, 108, 139, 90, 0, 0.42%, 1, 0, 6, 244.13
1650801670, 1, 108, 140, 91, 0, 0.42%, 1, 0, 6, 287.15
1650801675, 1, 108, 142, 93, 0, 0.42%, 1, 0, 6, 322.80
1650801720, 1, 113, 142, 92, 0, 0.42%, 1, 0, 6, 245.83
1650802613, 1, 116, 142, 91, 0, 0.42%, 1, 0, 6, 285.41
1650803319, 1, 121, 142, 90, 0, 0.42%, 1, 0, 6, 325.27
1650804576, 1, 121, 143, 91, 0, 0.42%, 1, 0, 6, 382.60
1650804597, 1, 123, 143, 90, 0, 0.42%, 1, 0, 6, 311.27
1650805702, 1, 123, 144, 91, 0, 0.43%, 1, 0, 6, 240.50
1650806245, 1, 143, 144, 90, 1, 0.43%, 1, 0, 6, 222.98
1650806255, 1, 143, 145, 91, 1, 0.43%, 1, 0, 6, 193.89
1650806260, 1, 143, 146, 92, 1, 0.43%, 1, 0, 6, 209.63
1650808517, 1, 143, 147, 93, 1, 0.43%, 1, 0, 6, 205.01
1650808532, 1, 143, 148, 94, 1, 0.43%, 1, 0, 6, 226.33
1650808578, 1, 143, 149, 95, 1, 0.43%, 1, 0, 6, 251.93
1650808634, 1, 143, 150, 96, 1, 0.43%, 1, 0, 6, 238.74
1650808649, 1, 144, 152, 97, 1, 0.43%, 1, 0, 7, 222.17
1650810467, 1, 145, 152, 96, 0, 0.43%, 1, 0, 7, 234.70
1650813019, 1, 147, 152, 95, 0, 0.43%, 1, 0, 7, 185.87
1650818312, 1, 148, 152, 94, 0, 0.43%, 1, 0, 7, 221.59
1650818317, 1, 148, 153, 95, 0, 0.43%, 1, 0, 7, 173.48
1650818327, 1, 148, 154, 96, 0, 0.43%, 1, 0, 7, 195.74
1650819427, 1, 148, 155, 97, 0, 0.43%, 1, 0, 7, 215.16
1650820243, 1, 148, 156, 98, 0, 0.43%, 1, 0, 7, 170.46
1650820963, 1, 153, 156, 97, 1, 0.43%, 1, 0, 7, 222.74
1650822786, 1, 155, 156, 96, 0, 0.43%, 1, 0, 7, 183.83
1650828054, 2, 5, 156, 95, 0, 0.43%, 1, 0, 7, 235.71
1650828060, 2, 8, 156, 95, 0, 0.43%, 1, 0, 7, 229.95
1650829484, 2, 9, 156, 94, 0, 0.43%, 1, 0, 7, 291.11
1650830883, 2, 10, 156, 93, 0, 0.43%, 1, 0, 7, 238.46
1650832000, 2, 11, 156, 92, 0, 0.43%, 1, 0, 7, 322.98
1650832005, 2, 16, 156, 92, 0, 0.43%, 1, 0, 7, 317.48
1650832010, 2, 24, 156, 92, 0, 0.43%, 1, 0, 7, 337.88
1650832015, 2, 26, 157, 93, 0, 0.43%, 1, 0, 7, 304.61
1650832020, 2, 32, 157, 93, 0, 0.43%, 1, 0, 7, 279.81
1650832960, 2, 36, 157, 92, 0, 0.43%, 1, 0, 7, 304.22
1650834362, 2, 38, 157, 91, 0, 0.43%, 1, 0, 7, 264.98
1650835551, 2, 39, 157, 90, 0, 0.43%, 1, 0, 7, 276.66
1650835556, 2, 52, 157, 90, 0, 0.43%, 1, 0, 7, 236.49
1650837026, 2, 53, 157, 89, 0, 0.43%, 1, 0, 7, 231.85
1650840759, 2, 53, 158, 90, 0, 0.43%, 1, 0, 7, 196.09
1650840769, 2, 56, 158, 89, 0, 0.43%, 1, 0, 7, 169.88
1650843702, 2, 62, 158, 88, 0, 0.43%, 1, 0, 7, 214.34
1650844590, 2, 62, 159, 89, 0, 0.43%, 1, 0, 7, 301.59
1650844595, 2, 69, 159, 88, 0, 0.43%, 1, 0, 7, 251.02
1650846776, 2, 82, 159, 87, 0, 0.43%, 1, 0, 7, 284.22
1650846781, 2, 87, 160, 88, 0, 0.43%, 1, 0, 7, 272.38
1650848664, 2, 87, 161, 89, 0, 0.44%, 1, 0, 7, 221.77
1650848679, 2, 160, 161, 88, 1, 0.44%, 1, 0, 7, 249.47
1650849544, 2, 160, 167, 94, 1, 0.49%, 1, 0, 7, 200.51
1650849549, 2, 160, 168, 95, 1, 0.49%, 1, 0, 7, 181.41
1650850535, 2, 161, 168, 94, 3, 0.49%, 1, 0, 7, 235.39
1650850550, 2, 161, 169, 95, 3, 0.49%, 1, 0, 7, 211.27
1650850555, 2, 161, 170, 96, 3, 0.49%, 1, 0, 7, 192.83
1650850576, 2, 161, 171, 97, 3, 0.49%, 1, 0, 7, 180.31
1650850581, 2, 161, 173, 99, 3, 0.49%, 1, 0, 7, 185.82
1650852349, 2, 161, 174, 100, 3, 0.51%, 1, 0, 7, 177.46
1650852797, 2, 161, 175, 101, 3, 0.51%, 1, 0, 7, 182.65
1650852842, 2, 164, 175, 100, 6, 0.51%, 1, 0, 7, 257.77
1650854815, 2, 164, 176, 101, 6, 0.56%, 1, 0, 7, 194.77
1650854821, 2, 164, 177, 102, 6, 0.57%, 1, 1, 7, 18.65
1650855222, 2, 164, 178, 103, 6, 0.57%, 1, 1, 7, 235.05
1650855228, 2, 164, 179, 104, 6, 0.57%, 1, 1, 7, 255.11
1650855279, 2, 169, 179, 103, 7, 0.57%, 1, 1, 7, 307.96
1650857576, 2, 172, 180, 103, 6, 0.57%, 1, 1, 8, 252.01
1650859757, 2, 172, 181, 104, 6, 0.57%, 1, 1, 8, 193.51
1650859762, 2, 172, 182, 105, 6, 0.57%, 1, 1, 8, 249.37
1650859798, 2, 172, 183, 106, 6, 0.57%, 1, 1, 8, 273.49
1650859849, 2, 173, 183, 105, 6, 0.57%, 1, 1, 8, 240.33
1650862212, 2, 174, 183, 104, 5, 0.57%, 1, 1, 8, 263.69
1650864606, 2, 174, 185, 106, 5, 0.59%, 1, 1, 8, 187.52
1650864622, 2, 174, 188, 109, 5, 0.62%, 1, 1, 8, 183.15
1650864627, 2, 174, 195, 116, 5, 0.63%, 1, 1, 8, 215.97
1650864658, 2, 175, 195, 115, 10, 0.63%, 1, 1, 8, 210.84
1650865711, 2, 175, 200, 120, 10, 0.67%, 1, 1, 8, 148.65
1650867820, 2, 175, 201, 121, 10, 0.67%, 1, 1, 8, 228.32
1650867850, 2, 176, 201, 120, 14, 0.67%, 1, 1, 8, 256.26
1650870598, 2, 176, 202, 121, 14, 0.67%, 1, 1, 8, 233.42
1650870628, 2, 179, 202, 120, 13, 0.67%, 1, 1, 8, 286.59
1650872709, 2, 183, 202, 119, 12, 0.67%, 1, 1, 8, 295.52
1650872771, 2, 183, 203, 120, 12, 0.67%, 1, 1, 9, 196.78
1650875127, 2, 183, 204, 121, 12, 0.67%, 1, 1, 9, 194.18
1650875158, 2, 183, 206, 123, 12, 0.67%, 1, 1, 9, 192.94
1650875249, 2, 184, 206, 122, 13, 0.67%, 1, 1, 9, 213.79
1650877705, 2, 184, 207, 123, 13, 0.67%, 1, 1, 9, 178.12
1650877711, 2, 184, 208, 124, 13, 0.67%, 1, 1, 9, 166.29
1650877787, 2, 184, 209, 125, 13, 0.67%, 1, 1, 9, 185.04
1650877807, 2, 184, 211, 127, 13, 0.67%, 1, 1, 9, 195.50
1650877858, 2, 185, 211, 126, 13, 0.67%, 1, 1, 9, 251.64
1650877909, 2, 185, 212, 127, 13, 0.67%, 1, 1, 9, 183.89
1650880644, 2, 185, 213, 128, 13, 0.67%, 1, 1, 9, 206.51
1650880690, 2, 190, 213, 127, 13, 0.67%, 1, 1, 9, 265.10
1650883342, 2, 191, 213, 126, 12, 0.67%, 1, 1, 9, 245.81
1650883348, 2, 191, 214, 127, 12, 0.67%, 1, 1, 9, 188.70
1650885347, 2, 191, 215, 128, 12, 0.68%, 1, 1, 9, 190.68
1650885968, 2, 191, 217, 130, 12, 0.68%, 1, 1, 9, 163.25
1650886828, 2, 191, 218, 131, 12, 0.68%, 1, 1, 9, 190.92
1650886991, 2, 195, 218, 130, 12, 0.68%, 1, 1, 9, 237.38
1650888945, 2, 195, 219, 131, 12, 0.71%, 1, 1, 9, 0.20
1650888990, 2, 195, 221, 133, 12, 0.72%, 1, 1, 9, 193.93
1650888995, 2, 195, 225, 137, 12, 0.74%, 1, 2, 9, 9.34
1650889001, 2, 195, 232, 144, 12, 0.80%, 1, 2, 9, 199.77
1650889006, 2, 195, 233, 145, 12, 0.83%, 1, 2, 9, 189.52
1650889503, 2, 196, 233, 144, 26, 0.83%, 1, 2, 9, 270.19
1650889676, 2, 196, 234, 145, 26, 0.83%, 1, 2, 9, 181.46
1650891505, 2, 196, 240, 151, 26, 0.86%, 1, 2, 9, 186.68
1650891510, 2, 196, 247, 158, 26, 0.90%, 1, 2, 9, 185.44
1650891515, 2, 196, 253, 164, 26, 0.93%, 1, 2, 9, 167.14
1650891520, 2, 196, 259, 170, 26, 0.96%, 1, 2, 9, 171.62
1650892009, 2, 196, 260, 171, 26, 0.96%, 1, 2, 9, 282.60
1650892116, 2, 197, 260, 170, 50, 0.96%, 1, 2, 9, 249.64
1650894542, 2, 198, 260, 169, 49, 0.96%, 1, 2, 9, 235.12
1650894710, 2, 198, 261, 170, 49, 0.96%, 1, 2, 9, 198.89
