# unix_time, cycles_done, cur_path, paths_total, pending_total, pending_favs, map_size, unique_crashes, unique_hangs, max_depth, execs_per_sec
1629351258, 0, 0, 1, 1, 1, 0.47%, 0, 0, 1, 4.29
1629351263, 0, 0, 9, 9, 1, 0.77%, 0, 0, 2, 166.93
1629351268, 0, 0, 20, 20, 1, 0.82%, 0, 0, 2, 164.94
1629351273, 0, 0, 29, 29, 1, 0.86%, 0, 0, 2, 147.93
1629351278, 0, 0, 30, 30, 1, 0.86%, 0, 0, 2, 110.71
1629351283, 0, 0, 35, 35, 1, 0.87%, 0, 0, 2, 109.81
1629351293, 0, 0, 36, 36, 1, 0.87%, 0, 0, 2, 101.36
1629351298, 0, 0, 40, 40, 1, 0.91%, 0, 0, 2, 120.44
1629351303, 0, 0, 43, 43, 1, 0.91%, 0, 0, 2, 110.18
1629351308, 0, 0, 45, 45, 1, 0.91%, 0, 0, 2, 106.16
1629351319, 0, 0, 46, 46, 1, 0.91%, 0, 0, 2, 109.71
1629351334, 0, 0, 47, 47, 1, 0.92%, 0, 0, 2, 88.31
1629351344, 0, 0, 49, 49, 1, 0.92%, 0, 0, 2, 107.43
1629351349, 0, 0, 51, 51, 1, 0.93%, 0, 0, 2, 112.79
1629351354, 0, 0, 54, 54, 1, 0.93%, 0, 0, 2, 126.53
1629351359, 0, 0, 55, 55, 1, 0.93%, 0, 0, 2, 114.64
1629351380, 0, 0, 58, 58, 1, 0.94%, 0, 0, 2, 127.08
1629351425, 0, 0, 72, 72, 1, 0.95%, 0, 0, 2, 129.40
1629351430, 0, 0, 75, 75, 1, 0.95%, 0, 0, 2, 110.12
1629351446, 0, 0, 78, 78, 1, 0.95%, 0, 0, 2, 105.14
1629351451, 0, 0, 81, 81, 1, 0.97%, 0, 0, 2, 108.27
1629351461, 0, 0, 82, 82, 1, 0.97%, 0, 0, 2, 115.03
1629351476, 0, 0, 83, 83, 1, 0.97%, 0, 0, 2, 106.69
1629351538, 0, 0, 84, 84, 1, 0.97%, 0, 0, 2, 98.42
1629351548, 0, 0, 86, 86, 1, 0.97%, 0, 0, 2, 97.32
1629351603, 0, 0, 87, 87, 1, 0.97%, 0, 0, 2, 89.93
1629351608, 0, 0, 89, 89, 1, 0.97%, 0, 0, 2, 81.46
1629351629, 0, 0, 90, 90, 1, 0.97%, 0, 0, 2, 174.38
1629351644, 0, 0, 91, 91, 1, 0.97%, 0, 0, 2, 155.20
1629351649, 0, 0, 96, 96, 1, 0.98%, 1, 0, 2, 116.56
1629351654, 0, 0, 105, 105, 1, 1.03%, 1, 0, 2, 106.14
1629351669, 0, 0, 106, 106, 1, 1.03%, 1, 0, 2, 106.16
1629351735, 0, 0, 107, 107, 1, 1.03%, 1, 0, 2, 109.88
1629351741, 0, 0, 109, 109, 1, 1.04%, 1, 0, 2, 107.08
1629352330, 0, 0, 110, 110, 1, 1.04%, 1, 0, 2, 90.01
1629352335, 0, 0, 111, 111, 1, 1.04%, 1, 0, 2, 85.81
1629352680, 0, 0, 112, 112, 1, 1.08%, 1, 0, 2, 103.43
1629352701, 0, 0, 118, 118, 1, 1.08%, 1, 0, 2, 134.75
1629352706, 0, 0, 120, 120, 1, 1.08%, 1, 0, 2, 143.95
1629352711, 0, 0, 123, 123, 1, 1.08%, 1, 0, 2, 136.51
1629352721, 0, 0, 125, 125, 1, 1.08%, 1, 0, 2, 151.41
1629352731, 0, 0, 126, 126, 1, 1.08%, 1, 0, 2, 137.76
1629352736, 0, 0, 128, 128, 1, 1.08%, 1, 0, 2, 138.42
1629352741, 0, 0, 129, 129, 1, 1.08%, 1, 0, 2, 141.02
1629352746, 0, 0, 130, 130, 1, 1.08%, 1, 0, 2, 144.77
1629352751, 0, 0, 131, 131, 1, 1.08%, 1, 0, 2, 146.92
1629352766, 0, 0, 132, 132, 1, 1.08%, 1, 0, 2, 135.14
1629352776, 0, 0, 133, 133, 1, 1.08%, 1, 0, 2, 145.69
1629352822, 0, 0, 135, 135, 1, 1.08%, 1, 0, 2, 140.47
1629352827, 0, 0, 136, 136, 1, 1.08%, 1, 0, 2, 147.80
1629352832, 0, 0, 137, 137, 1, 1.08%, 1, 0, 2, 132.90
1629352837, 0, 0, 138, 138, 1, 1.08%, 1, 0, 2, 140.50
1629352852, 0, 0, 139, 139, 1, 1.08%, 1, 0, 2, 149.70
1629352878, 0, 0, 140, 140, 1, 1.08%, 1, 0, 2, 141.49
1629352888, 0, 0, 141, 141, 1, 1.08%, 1, 0, 2, 142.61
1629352893, 0, 0, 142, 142, 1, 1.08%, 1, 0, 2, 146.26
1629352903, 0, 0, 143, 143, 1, 1.08%, 1, 0, 2, 139.27
1629352913, 0, 0, 144, 144, 1, 1.08%, 1, 0, 2, 144.66
1629352929, 0, 1, 145, 144, 50, 1.08%, 1, 0, 2, 153.02
1629353071, 0, 1, 146, 145, 50, 1.08%, 1, 0, 3, 211.72
1629353076, 0, 3, 146, 144, 49, 1.08%, 1, 0, 3, 210.39
1629353448, 0, 3, 147, 145, 49, 1.08%, 2, 0, 3, 114.36
1629354486, 0, 4, 147, 144, 48, 1.08%, 2, 0, 3, 139.20
1629354491, 0, 4, 149, 146, 48, 1.08%, 2, 0, 3, 143.70
1629354496, 0, 4, 150, 147, 48, 1.08%, 2, 0, 3, 121.68
1629354513, 0, 4, 151, 148, 48, 1.17%, 2, 0, 3, 10.18
1629354567, 0, 4, 154, 151, 48, 1.17%, 2, 0, 3, 108.32
1629354572, 0, 4, 155, 152, 48, 1.18%, 2, 0, 3, 4.96
1629354598, 0, 4, 156, 153, 48, 1.18%, 2, 0, 3, 102.89
1629354700, 0, 4, 157, 154, 48, 1.18%, 2, 0, 3, 148.89
1629354710, 0, 7, 157, 153, 50, 1.18%, 2, 0, 3, 170.95
1629354888, 0, 8, 157, 152, 49, 1.18%, 2, 0, 3, 187.04
1629354944, 0, 8, 157, 152, 49, 1.18%, 3, 0, 3, 118.95
1629355066, 0, 9, 157, 151, 48, 1.18%, 3, 0, 3, 218.89
1629355244, 0, 11, 157, 150, 47, 1.18%, 3, 0, 3, 166.59
1629355624, 0, 11, 157, 150, 47, 1.18%, 4, 0, 3, 110.45
1629356615, 0, 11, 158, 151, 47, 1.18%, 4, 0, 3, 112.97
1629356636, 0, 11, 160, 153, 47, 1.18%, 4, 0, 3, 140.93
1629356656, 0, 11, 161, 154, 47, 1.18%, 4, 0, 3, 143.06
1629356667, 0, 11, 162, 155, 47, 1.18%, 4, 0, 3, 137.10
1629356702, 0, 11, 163, 156, 47, 1.18%, 4, 0, 3, 149.32
1629356728, 0, 11, 164, 157, 47, 1.18%, 4, 0, 3, 143.26
1629356753, 0, 11, 165, 158, 47, 1.18%, 4, 0, 3, 141.44
1629356768, 0, 11, 166, 159, 47, 1.18%, 4, 0, 3, 148.46
1629356773, 0, 11, 167, 160, 47, 1.18%, 4, 0, 3, 143.14
1629356778, 0, 11, 168, 161, 47, 1.18%, 4, 0, 3, 140.16
1629356788, 0, 11, 170, 163, 47, 1.18%, 4, 0, 3, 147.72
1629356804, 0, 14, 170, 162, 46, 1.18%, 4, 0, 3, 131.19
1629357186, 0, 18, 170, 161, 45, 1.18%, 4, 0, 3, 163.27
1629357374, 0, 18, 171, 162, 45, 1.22%, 4, 0, 3, 185.61
1629357633, 0, 18, 172, 163, 45, 1.23%, 5, 0, 3, 115.76
1629359003, 0, 19, 172, 162, 46, 1.23%, 5, 0, 3, 96.13
1629359536, 0, 19, 173, 163, 46, 1.23%, 5, 0, 3, 81.22
1629360773, 0, 19, 174, 164, 46, 1.23%, 5, 0, 3, 127.45
1629360834, 0, 20, 174, 163, 45, 1.23%, 5, 0, 3, 145.35
1629362596, 0, 20, 175, 164, 45, 1.23%, 5, 0, 3, 121.30
1629362642, 0, 23, 175, 163, 44, 1.23%, 5, 0, 3, 122.02
1629364030, 0, 24, 175, 162, 43, 1.23%, 5, 0, 3, 124.25
1629364071, 0, 24, 176, 163, 43, 1.23%, 5, 0, 3, 112.71
1629364402, 0, 24, 176, 163, 43, 1.23%, 6, 0, 3, 112.99
1629364407, 0, 24, 177, 164, 43, 1.23%, 6, 0, 3, 109.70
1629365436, 0, 24, 178, 165, 43, 1.23%, 6, 0, 3, 140.55
1629365441, 0, 24, 179, 166, 43, 1.23%, 6, 0, 3, 150.09
1629365457, 0, 24, 180, 167, 43, 1.23%, 6, 0, 3, 151.52
1629365462, 0, 24, 181, 168, 43, 1.23%, 6, 0, 3, 144.68
1629365492, 0, 24, 182, 169, 43, 1.23%, 6, 0, 3, 140.84
1629365599, 0, 26, 182, 168, 43, 1.23%, 6, 0, 3, 128.62
1629365660, 0, 26, 183, 169, 43, 1.24%, 6, 0, 3, 111.90
1629365782, 0, 29, 183, 168, 42, 1.24%, 6, 0, 3, 205.60
1629367220, 0, 29, 184, 169, 42, 1.24%, 6, 0, 3, 133.81
1629367230, 0, 29, 185, 170, 42, 1.24%, 6, 0, 3, 132.52
1629367265, 0, 29, 186, 171, 42, 1.24%, 6, 0, 3, 141.19
1629367271, 0, 29, 187, 172, 42, 1.24%, 6, 0, 3, 143.48
1629367392, 0, 29, 188, 173, 42, 1.24%, 6, 0, 3, 138.72
1629367418, 0, 29, 189, 174, 42, 1.24%, 6, 0, 3, 142.81
1629367438, 0, 37, 189, 173, 42, 1.24%, 6, 0, 3, 136.31
1629367825, 0, 37, 190, 174, 42, 1.24%, 6, 0, 3, 108.88
1629368907, 0, 39, 191, 174, 41, 1.24%, 6, 0, 3, 126.42
1629368912, 0, 39, 192, 175, 41, 1.24%, 6, 0, 3, 135.98
1629369086, 0, 41, 192, 174, 42, 1.24%, 6, 0, 3, 165.52
1629369437, 0, 41, 192, 174, 42, 1.24%, 7, 0, 3, 117.82
1629369523, 0, 41, 194, 176, 42, 1.25%, 7, 0, 3, 107.71
1629369529, 0, 41, 195, 177, 42, 1.25%, 7, 0, 3, 110.31
1629370489, 0, 41, 196, 178, 42, 1.25%, 7, 0, 3, 136.16
1629370494, 0, 41, 197, 179, 42, 1.25%, 7, 0, 3, 139.05
1629370540, 0, 45, 197, 178, 45, 1.25%, 7, 0, 3, 137.43
1629370926, 0, 45, 197, 178, 45, 1.25%, 8, 0, 3, 121.27
1629371978, 0, 45, 198, 179, 45, 1.25%, 8, 0, 3, 128.13
1629371983, 0, 45, 200, 181, 45, 1.25%, 8, 0, 3, 141.87
1629372003, 0, 45, 201, 182, 45, 1.25%, 8, 0, 3, 147.00
1629372207, 0, 46, 201, 181, 44, 1.25%, 8, 0, 3, 131.07
1629372512, 0, 46, 201, 181, 44, 1.25%, 9, 0, 3, 129.73
1629373179, 0, 48, 201, 180, 43, 1.25%, 9, 0, 3, 125.13
1629374476, 0, 48, 202, 181, 43, 1.25%, 9, 0, 3, 146.32
1629374502, 0, 49, 202, 180, 42, 1.25%, 9, 0, 3, 140.35
1629374558, 0, 49, 202, 180, 42, 1.25%, 10, 0, 3, 127.58
1629374670, 0, 51, 202, 179, 41, 1.25%, 10, 0, 3, 187.26
1629374721, 0, 51, 203, 180, 41, 1.25%, 10, 0, 3, 111.17
1629375056, 0, 51, 203, 180, 41, 1.25%, 11, 0, 3, 109.73
1629376117, 0, 53, 203, 179, 40, 1.25%, 11, 0, 3, 128.38
1629376178, 0, 53, 204, 180, 40, 1.26%, 11, 0, 3, 12.30
1629376314, 0, 54, 204, 179, 40, 1.26%, 11, 0, 3, 198.27
1629376364, 0, 54, 205, 180, 40, 1.26%, 11, 0, 3, 114.96
1629376420, 0, 54, 206, 181, 40, 1.26%, 11, 0, 3, 104.63
1629376700, 0, 54, 206, 181, 40, 1.26%, 12, 0, 3, 124.03
1629377777, 0, 60, 206, 180, 40, 1.26%, 12, 0, 3, 135.68
1629377828, 0, 60, 207, 181, 40, 1.26%, 12, 0, 3, 124.42
1629377833, 0, 60, 208, 182, 40, 1.26%, 12, 0, 3, 113.06
1629377909, 0, 60, 209, 183, 40, 1.26%, 12, 0, 3, 112.49
1629377960, 0, 68, 209, 182, 39, 1.26%, 12, 0, 3, 178.26
1629378028, 0, 68, 210, 183, 39, 1.26%, 12, 0, 3, 0.73
1629378146, 0, 68, 211, 184, 39, 1.26%, 12, 0, 3, 190.15
1629378172, 0, 73, 211, 183, 40, 1.26%, 12, 0, 3, 176.80
1629378253, 0, 73, 212, 184, 40, 1.26%, 12, 0, 3, 108.15
1629378279, 0, 73, 213, 185, 40, 1.26%, 12, 0, 3, 116.51
1629378322, 0, 73, 214, 186, 40, 1.26%, 12, 0, 3, 0.47
1629378457, 0, 73, 215, 187, 40, 1.26%, 12, 0, 3, 102.97
1629378650, 0, 73, 217, 189, 40, 1.26%, 12, 0, 3, 175.76
1629378660, 0, 73, 218, 190, 40, 1.26%, 12, 0, 3, 186.34
1629378670, 0, 73, 219, 191, 40, 1.26%, 12, 0, 3, 189.60
1629378681, 0, 73, 220, 192, 40, 1.26%, 12, 0, 3, 192.03
1629378716, 0, 73, 221, 193, 40, 1.26%, 12, 0, 3, 177.43
1629378752, 0, 73, 222, 194, 40, 1.26%, 12, 0, 3, 194.00
1629378777, 0, 75, 222, 193, 38, 1.26%, 12, 0, 3, 137.50
1629378836, 0, 75, 223, 194, 38, 1.26%, 12, 0, 3, 0.90
1629379811, 0, 77, 223, 193, 37, 1.26%, 12, 0, 3, 116.84
1629380131, 0, 77, 224, 194, 37, 1.26%, 12, 0, 3, 78.69
1629380207, 0, 77, 225, 195, 37, 1.29%, 12, 0, 3, 119.04
1629381252, 0, 80, 225, 194, 37, 1.29%, 12, 0, 3, 142.25
1629381532, 0, 80, 226, 195, 37, 1.30%, 12, 0, 3, 92.11
1629381598, 0, 80, 226, 195, 37, 1.30%, 13, 0, 3, 129.02
1629382581, 0, 89, 226, 194, 37, 1.30%, 13, 0, 3, 147.89
1629382778, 0, 99, 226, 193, 36, 1.30%, 13, 0, 3, 4.81
1629382785, 0, 99, 227, 194, 36, 1.31%, 13, 0, 3, 5.09
1629382858, 0, 99, 228, 195, 36, 1.31%, 13, 0, 3, 0.58
1629382915, 0, 99, 229, 196, 36, 1.31%, 13, 0, 3, 0.81
1629382928, 0, 99, 230, 197, 36, 1.31%, 13, 0, 3, 0.84
1629383139, 0, 99, 231, 198, 36, 1.31%, 13, 0, 3, 0.99
1629383328, 0, 99, 232, 199, 36, 1.31%, 13, 0, 3, 0.47
1629383459, 0, 99, 233, 200, 36, 1.31%, 13, 0, 3, 94.63
1629383497, 0, 99, 234, 201, 36, 1.31%, 13, 0, 3, 102.86
1629384174, 0, 99, 235, 202, 36, 1.32%, 13, 0, 3, 0.76
1629384683, 0, 99, 236, 203, 36, 1.32%, 13, 0, 3, 0.85
1629384885, 0, 99, 237, 204, 36, 1.33%, 13, 0, 3, 0.61
1629384896, 0, 99, 238, 205, 36, 1.33%, 13, 0, 3, 0.33
1629384934, 0, 99, 239, 206, 36, 1.33%, 13, 0, 3, 0.44
1629385584, 0, 99, 240, 207, 36, 1.33%, 13, 0, 3, 0.79
1629386618, 0, 99, 241, 208, 36, 1.37%, 13, 0, 3, 0.50
1629386647, 0, 99, 242, 209, 36, 1.37%, 13, 0, 3, 0.50
1629386711, 0, 99, 244, 211, 36, 1.37%, 13, 0, 3, 1.30
1629386814, 0, 99, 245, 212, 36, 1.37%, 13, 0, 3, 0.97
1629387327, 0, 99, 246, 213, 36, 1.37%, 13, 0, 3, 0.23
1629387465, 0, 99, 247, 214, 36, 1.37%, 13, 0, 3, 1.69
1629387561, 0, 99, 248, 215, 36, 1.37%, 13, 0, 3, 0.62
1629388917, 0, 99, 249, 216, 36, 1.37%, 13, 0, 3, 155.62
1629389054, 0, 99, 250, 217, 36, 1.38%, 13, 0, 3, 195.57
1629389266, 0, 99, 251, 218, 36, 1.39%, 13, 0, 3, 1.32
1629390057, 0, 99, 252, 219, 36, 1.39%, 13, 0, 3, 1.91
1629390166, 0, 99, 253, 220, 36, 1.39%, 13, 0, 3, 0.24
1629399713, 0, 99, 257, 224, 36, 1.39%, 13, 0, 3, 141.62
1629399718, 0, 99, 263, 230, 36, 1.39%, 13, 0, 3, 150.69
1629400651, 0, 99, 264, 231, 36, 1.39%, 13, 0, 3, 0.70
1629400717, 0, 99, 265, 232, 36, 1.39%, 13, 0, 3, 1.64
1629401315, 0, 99, 266, 233, 36, 1.39%, 13, 0, 3, 0.76
1629403402, 0, 103, 266, 232, 42, 1.39%, 13, 0, 3, 115.39
1629403704, 0, 103, 268, 234, 42, 1.39%, 14, 0, 3, 136.56
1629404626, 0, 104, 268, 233, 43, 1.39%, 14, 0, 3, 156.58
1629405937, 0, 106, 268, 232, 42, 1.39%, 14, 0, 3, 133.16
1629406263, 0, 106, 268, 232, 42, 1.39%, 15, 0, 3, 163.67
1629406743, 0, 106, 269, 233, 42, 1.39%, 15, 0, 3, 117.36
1629407211, 0, 110, 269, 232, 42, 1.39%, 15, 0, 3, 119.90
1629407602, 0, 110, 270, 233, 42, 1.39%, 15, 0, 3, 103.60
1629407638, 0, 110, 270, 233, 42, 1.39%, 16, 0, 3, 135.99
1629407724, 0, 110, 271, 234, 42, 1.39%, 16, 0, 3, 87.82
1629408894, 0, 111, 271, 233, 42, 1.39%, 16, 0, 3, 134.22
1629409092, 0, 111, 272, 234, 42, 1.39%, 16, 0, 3, 114.65
1629409367, 0, 111, 273, 235, 42, 1.39%, 16, 0, 3, 126.68
1629410248, 0, 131, 273, 234, 43, 1.39%, 16, 0, 3, 130.88
1629410518, 0, 131, 274, 235, 43, 1.40%, 16, 0, 3, 107.86
1629410833, 0, 131, 275, 236, 43, 1.40%, 16, 0, 3, 175.47
1629410838, 0, 131, 276, 237, 43, 1.40%, 16, 0, 3, 172.17
1629410900, 0, 132, 276, 236, 43, 1.40%, 16, 0, 3, 128.38
1629412179, 0, 145, 276, 235, 42, 1.40%, 16, 0, 3, 226.90
1629412199, 0, 146, 277, 235, 41, 1.40%, 16, 0, 4, 176.88
1629412372, 0, 146, 278, 236, 41, 1.40%, 16, 0, 4, 115.98
1629413534, 0, 148, 278, 235, 40, 1.40%, 16, 0, 4, 159.99
1629413693, 0, 149, 278, 234, 39, 1.40%, 16, 0, 4, 238.99
1629413718, 0, 149, 279, 235, 39, 1.40%, 16, 0, 4, 1.26
1629413890, 0, 150, 279, 234, 38, 1.40%, 16, 0, 4, 7.65
1629414582, 0, 150, 280, 235, 38, 1.40%, 16, 0, 4, 0.47
1629414870, 0, 150, 281, 236, 38, 1.40%, 16, 0, 4, 0.42
1629415047, 0, 150, 282, 237, 38, 1.40%, 16, 0, 4, 0.87
1629415184, 0, 150, 283, 238, 38, 1.40%, 16, 0, 4, 0.84
1629418017, 0, 150, 284, 239, 38, 1.43%, 16, 0, 4, 0.27
1629418293, 0, 150, 285, 240, 38, 1.43%, 16, 0, 4, 5.25
1629435159, 0, 163, 285, 239, 39, 1.43%, 16, 0, 4, 289.13
1629435588, 0, 163, 286, 240, 39, 1.43%, 16, 0, 4, 208.91
1629435609, 0, 170, 286, 239, 38, 1.43%, 16, 0, 4, 1.70
1629436366, 0, 170, 287, 240, 38, 1.54%, 16, 0, 4, 60.74
1629436395, 0, 170, 288, 241, 38, 1.61%, 16, 0, 4, 0.89
1629438330, 0, 175, 288, 240, 39, 1.61%, 16, 0, 4, 196.78
1629438365, 0, 175, 288, 240, 39, 1.61%, 17, 0, 4, 215.02
1629438451, 0, 177, 288, 239, 38, 1.61%, 17, 0, 4, 202.64
1629438554, 0, 177, 289, 240, 38, 1.61%, 17, 0, 4, 151.75
1629438705, 0, 182, 289, 239, 37, 1.61%, 17, 0, 4, 21.08
