# unix_time, cycles_done, cur_path, paths_total, pending_total, pending_favs, map_size, unique_crashes, unique_hangs, max_depth, execs_per_sec
1635748933, 0, 0, 1, 1, 1, 0.30%, 0, 0, 1, 714.29
1635748939, 0, 0, 52, 52, 1, 0.68%, 0, 0, 2, 1470.27
1635748944, 0, 0, 60, 60, 1, 0.69%, 0, 0, 2, 1470.12
1635748949, 0, 0, 64, 64, 1, 0.69%, 0, 0, 2, 1615.29
1635748954, 0, 0, 66, 66, 1, 0.70%, 0, 0, 2, 1646.49
1635748959, 0, 0, 71, 71, 1, 0.70%, 0, 0, 2, 1650.30
1635748964, 0, 0, 90, 90, 1, 0.71%, 0, 0, 2, 1673.13
1635748969, 0, 0, 96, 96, 1, 0.72%, 0, 0, 2, 1639.11
1635748979, 0, 0, 97, 97, 1, 0.72%, 0, 0, 2, 1607.25
1635748984, 0, 0, 100, 100, 1, 0.73%, 0, 0, 2, 1625.04
1635748990, 0, 0, 106, 106, 1, 0.73%, 0, 0, 2, 1608.66
1635748995, 0, 0, 109, 109, 1, 0.74%, 0, 0, 2, 1772.69
1635749000, 0, 0, 136, 136, 1, 0.87%, 0, 0, 2, 1729.19
