# unix_time, cycles_done, cur_path, paths_total, pending_total, pending_favs, map_size, unique_crashes, unique_hangs, max_depth, execs_per_sec
1654174015, 0, 0, 1, 1, 1, 0.03%, 0, 0, 1, 0.19
1654174035, 0, 0, 4, 4, 1, 0.03%, 0, 0, 2, 13.57
1654174050, 0, 0, 5, 5, 1, 0.03%, 0, 0, 2, 3.01
1654174066, 0, 0, 6, 6, 1, 0.03%, 0, 0, 2, 3.11
1654174159, 0, 0, 7, 7, 1, 0.03%, 0, 0, 2, 3.06
1654174175, 0, 0, 8, 8, 1, 0.03%, 0, 0, 2, 3.07
1654174258, 0, 0, 9, 9, 1, 0.03%, 0, 0, 2, 3.07
1654174300, 0, 0, 10, 10, 1, 0.03%, 0, 0, 2, 2.83
1654174398, 0, 0, 11, 11, 1, 0.03%, 0, 0, 2, 2.88
1654174518, 0, 0, 12, 12, 1, 0.03%, 0, 0, 2, 2.93
1654174591, 0, 0, 13, 13, 1, 0.03%, 0, 0, 2, 2.87
1654174679, 0, 0, 14, 14, 1, 0.03%, 0, 0, 2, 2.93
1654174788, 0, 0, 15, 15, 1, 0.03%, 0, 0, 2, 2.87
1654174876, 0, 0, 16, 16, 1, 0.03%, 0, 0, 2, 2.91
1654175509, 0, 0, 17, 17, 1, 0.03%, 0, 0, 2, 8.41
1654176448, 0, 0, 18, 18, 1, 0.03%, 0, 0, 2, 49.94
1654176453, 0, 0, 20, 20, 1, 0.03%, 0, 0, 2, 40.42
1654176458, 0, 0, 23, 23, 1, 0.03%, 0, 0, 2, 40.49
1654176463, 0, 0, 24, 24, 1, 0.03%, 0, 0, 2, 30.04
1654176468, 0, 0, 25, 25, 1, 0.03%, 0, 0, 2, 3.04
1654177060, 0, 0, 26, 26, 1, 0.03%, 0, 0, 2, 3.10
1654177330, 0, 0, 27, 27, 1, 0.03%, 0, 0, 2, 3.09
1654177869, 0, 0, 28, 28, 1, 0.03%, 0, 0, 2, 3.07
1654178106, 0, 0, 29, 29, 1, 0.03%, 0, 0, 2, 32.65
1654178111, 0, 0, 30, 30, 1, 0.03%, 0, 0, 2, 3.10
1654178116, 0, 0, 31, 31, 1, 0.03%, 0, 0, 2, 31.50
1654178230, 0, 0, 32, 32, 1, 0.03%, 0, 0, 2, 26.28
1654178235, 0, 0, 33, 33, 1, 0.03%, 0, 0, 2, 3.07
1654178240, 0, 0, 35, 35, 1, 0.03%, 0, 0, 2, 11.66
1654178245, 0, 0, 36, 36, 1, 0.03%, 0, 0, 2, 13.63
1654178250, 0, 0, 37, 37, 1, 0.03%, 0, 0, 2, 10.77
1654178255, 0, 0, 38, 38, 1, 0.03%, 0, 0, 2, 12.43
1654178266, 0, 0, 40, 40, 1, 0.03%, 0, 0, 2, 10.99
1654178271, 0, 0, 42, 42, 1, 0.03%, 0, 0, 2, 11.28
1654178276, 0, 0, 43, 43, 1, 0.03%, 1, 0, 2, 11.96
1654178286, 0, 0, 45, 45, 1, 0.04%, 1, 0, 2, 11.41
1654178291, 0, 0, 46, 46, 1, 0.04%, 1, 0, 2, 2.43
1654178307, 0, 0, 48, 48, 1, 0.05%, 1, 0, 2, 9.93
1654178317, 0, 0, 49, 49, 1, 0.05%, 1, 0, 2, 2.45
1654178343, 0, 0, 50, 50, 1, 0.05%, 1, 0, 2, 10.35
1654178353, 0, 0, 52, 52, 1, 0.06%, 1, 0, 2, 12.22
1654178364, 0, 0, 53, 53, 1, 0.06%, 1, 0, 2, 7.81
1654178385, 0, 0, 54, 54, 1, 0.06%, 1, 0, 2, 12.32
1654178390, 0, 0, 55, 55, 1, 0.06%, 1, 0, 2, 11.23
1654178400, 0, 0, 56, 56, 1, 0.06%, 1, 0, 2, 6.55
1654178415, 0, 0, 58, 58, 1, 0.06%, 1, 0, 2, 11.12
1654178421, 0, 0, 59, 59, 1, 0.06%, 1, 0, 2, 11.58
1654178426, 0, 0, 60, 60, 1, 0.06%, 1, 0, 2, 9.79
1654178431, 0, 0, 61, 61, 1, 0.06%, 1, 0, 2, 12.89
1654178447, 0, 0, 62, 62, 1, 0.06%, 1, 0, 2, 6.65
1654178467, 0, 0, 63, 63, 1, 0.06%, 1, 0, 2, 9.21
1654178483, 0, 0, 64, 64, 1, 0.06%, 1, 0, 2, 8.15
1654178488, 0, 0, 66, 66, 1, 0.06%, 1, 0, 2, 12.19
1654178498, 0, 0, 68, 68, 1, 0.06%, 1, 0, 2, 12.98
1654178503, 0, 0, 69, 69, 1, 0.06%, 1, 0, 2, 13.26
1654178509, 0, 0, 71, 71, 1, 0.06%, 1, 0, 2, 7.90
1654178514, 0, 0, 73, 73, 1, 0.06%, 1, 0, 2, 10.57
1654178529, 0, 0, 74, 74, 1, 0.06%, 1, 0, 2, 13.62
1654178540, 0, 0, 75, 75, 1, 0.06%, 1, 0, 2, 3.45
1654178560, 0, 0, 76, 76, 1, 0.07%, 1, 0, 2, 11.02
1654178602, 0, 0, 78, 78, 1, 0.07%, 1, 0, 2, 9.41
1654178612, 0, 0, 80, 80, 1, 0.07%, 1, 0, 2, 13.36
1654185039, 0, 0, 81, 81, 1, 0.07%, 1, 0, 2, 3.10
1654185251, 0, 0, 82, 82, 1, 0.07%, 1, 0, 2, 3.07
1654216269, 0, 0, 83, 83, 1, 0.07%, 1, 0, 2, 3.10
1654217909, 0, 0, 84, 84, 1, 0.07%, 1, 0, 2, 3.10
1654218008, 0, 2, 84, 83, 37, 0.07%, 1, 0, 2, 177.12
1654218105, 0, 3, 84, 82, 36, 0.07%, 1, 0, 2, 5.92
1654222571, 0, 3, 85, 83, 36, 0.07%, 1, 0, 3, 71.41
1654222576, 0, 9, 85, 82, 35, 0.07%, 1, 0, 3, 68.61
1654222592, 0, 9, 86, 83, 35, 0.07%, 1, 0, 3, 70.08
1654222638, 0, 9, 87, 84, 35, 0.07%, 1, 0, 3, 223.20
1654222694, 0, 9, 88, 85, 35, 0.07%, 1, 0, 3, 44.71
1654223284, 0, 13, 88, 84, 34, 0.07%, 1, 0, 3, 3.02
1654224660, 0, 13, 89, 85, 34, 0.07%, 1, 0, 3, 10.02
1654224666, 0, 13, 89, 85, 34, 0.07%, 2, 0, 3, 12.17
1654224671, 0, 13, 90, 86, 34, 0.07%, 2, 0, 3, 10.84
1654224676, 0, 13, 91, 87, 34, 0.07%, 2, 0, 3, 6.07
1654241879, 0, 19, 91, 86, 34, 0.07%, 2, 0, 3, 16.01
1654242324, 0, 19, 92, 87, 34, 0.07%, 2, 0, 3, 15.84
1654242697, 0, 19, 93, 88, 34, 0.07%, 2, 0, 3, 29.61
1654242702, 0, 19, 94, 89, 34, 0.07%, 2, 0, 3, 30.57
1654242754, 0, 19, 95, 90, 34, 0.07%, 2, 0, 3, 14.29
1654242769, 0, 19, 96, 91, 34, 0.07%, 2, 0, 3, 14.31
1654242949, 0, 19, 97, 92, 34, 0.07%, 2, 0, 3, 17.17
1654249262, 0, 19, 98, 93, 34, 0.07%, 2, 0, 3, 13.67
1654249277, 0, 19, 99, 94, 34, 0.07%, 2, 0, 3, 12.43
1654251762, 0, 22, 99, 93, 35, 0.07%, 2, 0, 3, 66.49
1654252263, 0, 22, 100, 94, 35, 0.07%, 2, 0, 3, 13.96
1654255019, 0, 24, 100, 93, 35, 0.07%, 2, 0, 3, 71.93
1654255486, 0, 24, 101, 94, 35, 0.07%, 2, 0, 3, 13.66
1654255502, 0, 24, 102, 95, 35, 0.07%, 2, 0, 3, 2.60
1654256905, 0, 25, 102, 94, 34, 0.07%, 2, 0, 3, 3.11
1654260209, 0, 25, 103, 95, 34, 0.07%, 2, 0, 3, 4.05
1654260386, 0, 25, 104, 96, 34, 0.07%, 2, 0, 3, 3.07
1654260768, 0, 25, 104, 96, 34, 0.07%, 3, 0, 3, 12.33
1654260793, 0, 25, 104, 96, 34, 0.07%, 4, 0, 3, 11.85
1654260896, 0, 25, 105, 97, 34, 0.07%, 4, 0, 3, 9.93
1654267320, 0, 25, 106, 98, 34, 0.07%, 4, 0, 3, 3.09
1654283561, 0, 25, 107, 99, 34, 0.07%, 4, 0, 3, 3.10
1654283763, 0, 25, 108, 100, 34, 0.07%, 4, 0, 3, 3.09
1654300441, 0, 26, 108, 99, 37, 0.07%, 4, 0, 3, 144.86
1654304343, 0, 26, 108, 99, 37, 0.07%, 5, 0, 3, 12.66
1654310994, 0, 26, 109, 100, 37, 0.07%, 5, 0, 3, 3.05
1654344030, 0, 27, 109, 99, 37, 0.07%, 5, 0, 3, 3.15
1654346261, 0, 27, 110, 100, 37, 0.07%, 5, 0, 3, 3.22
1654347388, 0, 27, 110, 100, 37, 0.07%, 6, 0, 3, 13.13
1654385749, 0, 29, 110, 99, 36, 0.07%, 6, 0, 3, 5.14
1654431074, 0, 30, 110, 98, 35, 0.07%, 6, 0, 3, 33.34
1654438320, 0, 34, 110, 97, 34, 0.07%, 6, 0, 3, 32.52
1654443344, 0, 38, 110, 96, 33, 0.07%, 6, 0, 3, 10.44
1654473181, 0, 43, 110, 95, 32, 0.07%, 6, 0, 3, 37.11
1654474484, 0, 43, 111, 96, 32, 0.07%, 6, 0, 3, 13.53
1654474540, 0, 43, 112, 97, 32, 0.07%, 6, 0, 3, 13.69
1654474705, 0, 43, 114, 99, 32, 0.07%, 6, 0, 3, 12.36
1654474710, 0, 43, 114, 99, 32, 0.07%, 7, 0, 3, 13.44
1654486360, 0, 44, 114, 98, 33, 0.07%, 7, 0, 3, 34.92
1654486451, 0, 44, 115, 99, 33, 0.07%, 7, 0, 3, 10.33
1654487531, 0, 44, 116, 100, 33, 0.07%, 7, 0, 3, 8.84
1654489948, 0, 44, 117, 101, 33, 0.08%, 7, 0, 3, 11.94
1654489968, 0, 44, 118, 102, 33, 0.08%, 7, 0, 3, 10.12
1654504362, 0, 45, 118, 101, 34, 0.08%, 7, 0, 3, 5.97
1654509711, 0, 45, 119, 102, 34, 0.08%, 7, 0, 3, 10.95
