# unix_time, cycles_done, cur_path, paths_total, pending_total, pending_favs, map_size, unique_crashes, unique_hangs, max_depth, execs_per_sec
1619601728, 0, 0, 1, 1, 1, 2.10%, 0, 0, 1, 396.04
1619601733, 0, 0, 96, 96, 1, 2.51%, 10, 0, 2, 746.92
1619601738, 0, 0, 108, 108, 1, 2.55%, 11, 0, 2, 867.43
1619601743, 0, 0, 117, 117, 1, 2.61%, 12, 0, 2, 826.81
1619601749, 0, 0, 119, 119, 1, 2.64%, 12, 0, 2, 555.12
1619601764, 0, 0, 122, 122, 1, 2.64%, 12, 0, 2, 254.53
1619601774, 0, 0, 124, 124, 1, 2.64%, 12, 0, 2, 241.07
1619601779, 0, 0, 126, 126, 1, 2.64%, 12, 0, 2, 263.81
1619601784, 0, 0, 128, 128, 1, 2.65%, 14, 0, 2, 288.29
1619601789, 0, 0, 129, 129, 1, 2.65%, 14, 0, 2, 337.48
1619601815, 0, 0, 130, 130, 1, 2.65%, 14, 0, 2, 349.69
1619601855, 0, 0, 130, 130, 1, 2.65%, 16, 0, 2, 447.32
1619601860, 0, 0, 146, 146, 1, 2.66%, 16, 0, 2, 359.48
1619601865, 0, 0, 161, 161, 1, 2.67%, 16, 0, 2, 304.66
1619601871, 0, 0, 162, 162, 1, 2.68%, 16, 0, 2, 306.47
1619601876, 0, 0, 164, 164, 1, 2.68%, 16, 0, 2, 290.37
1619601891, 0, 0, 165, 165, 1, 2.68%, 16, 0, 2, 231.44
1619601916, 0, 0, 166, 166, 1, 2.68%, 16, 0, 2, 238.58
1619601936, 0, 0, 167, 167, 1, 2.68%, 16, 0, 2, 232.36
1619601942, 0, 0, 169, 169, 1, 2.68%, 16, 0, 2, 263.05
1619601947, 0, 0, 170, 170, 1, 2.68%, 16, 0, 2, 291.35
1619601957, 0, 0, 171, 171, 1, 2.68%, 16, 0, 2, 247.58
1619601967, 0, 0, 174, 174, 1, 2.74%, 16, 0, 2, 268.51
1619601998, 0, 0, 177, 177, 1, 2.75%, 16, 0, 2, 253.42
1619602003, 0, 0, 180, 180, 1, 2.75%, 16, 0, 2, 239.98
1619602028, 0, 0, 181, 181, 1, 2.75%, 16, 0, 2, 266.66
1619602043, 0, 0, 185, 185, 1, 2.77%, 16, 0, 2, 263.56
1619602048, 0, 0, 185, 185, 1, 2.77%, 17, 0, 2, 599.01
1619602053, 0, 0, 219, 219, 1, 3.19%, 17, 0, 2, 356.82
1619602079, 0, 0, 225, 225, 1, 3.20%, 17, 0, 2, 382.05
1619602099, 0, 0, 226, 226, 1, 3.20%, 17, 0, 2, 296.01
1619602125, 0, 0, 233, 233, 1, 3.20%, 17, 0, 2, 262.78
1619602130, 0, 0, 250, 250, 1, 3.20%, 17, 0, 2, 258.83
1619602578, 0, 0, 251, 251, 1, 3.20%, 17, 0, 2, 274.56
1619602731, 0, 0, 253, 253, 1, 3.20%, 17, 0, 2, 248.45
1619602736, 0, 0, 255, 255, 1, 3.20%, 17, 0, 2, 239.30
1619602782, 0, 0, 256, 256, 1, 3.20%, 17, 0, 2, 261.88
1619602969, 0, 0, 257, 257, 1, 3.20%, 17, 0, 2, 281.23
1619602979, 0, 0, 258, 258, 1, 3.20%, 17, 0, 2, 249.79
1619603045, 0, 0, 266, 266, 1, 3.20%, 19, 0, 2, 307.13
1619603050, 0, 0, 274, 274, 1, 3.22%, 20, 0, 2, 417.54
1619603055, 0, 0, 283, 283, 1, 3.22%, 20, 0, 2, 438.18
1619603060, 0, 0, 287, 287, 1, 3.22%, 20, 0, 2, 433.51
1619603065, 0, 0, 290, 290, 1, 3.22%, 20, 0, 2, 396.89
1619603070, 0, 0, 294, 294, 1, 3.22%, 20, 0, 2, 431.37
1619603075, 0, 0, 297, 297, 1, 3.22%, 20, 0, 2, 431.29
1619603080, 0, 0, 299, 299, 1, 3.22%, 20, 0, 2, 440.92
1619603085, 0, 0, 305, 305, 1, 3.22%, 21, 0, 2, 420.12
1619603090, 0, 0, 307, 307, 1, 3.22%, 21, 0, 2, 434.16
1619603095, 0, 0, 309, 309, 1, 3.22%, 21, 0, 2, 431.17
1619603106, 0, 0, 310, 310, 1, 3.22%, 21, 0, 2, 415.85
1619603116, 0, 0, 312, 312, 1, 3.22%, 21, 0, 2, 435.04
1619603121, 0, 1, 312, 311, 72, 3.22%, 21, 0, 2, 429.20
1619603390, 0, 1, 316, 315, 72, 3.22%, 21, 0, 3, 365.92
1619603395, 0, 1, 317, 316, 72, 3.23%, 21, 0, 3, 437.82
1619604336, 0, 1, 321, 320, 72, 3.23%, 21, 0, 3, 406.41
1619604341, 0, 1, 322, 321, 72, 3.23%, 21, 0, 3, 422.81
1619604352, 0, 1, 324, 323, 72, 3.25%, 21, 0, 3, 414.96
1619604357, 0, 1, 325, 324, 72, 3.25%, 21, 0, 3, 409.07
1619604367, 0, 1, 328, 327, 72, 3.25%, 21, 0, 3, 430.19
1619604382, 0, 1, 329, 328, 72, 3.25%, 21, 0, 3, 426.46
1619604392, 0, 2, 329, 327, 76, 3.25%, 21, 0, 3, 338.77
1619604402, 0, 2, 330, 328, 76, 3.25%, 21, 0, 3, 260.02
1619604423, 0, 2, 331, 329, 76, 3.25%, 21, 0, 3, 332.33
1619604539, 0, 2, 332, 330, 76, 3.25%, 21, 0, 3, 244.42
1619604575, 0, 2, 333, 331, 76, 3.25%, 21, 0, 3, 244.92
1619604615, 0, 2, 334, 332, 76, 3.25%, 21, 0, 3, 258.55
1619604626, 0, 2, 335, 333, 76, 3.25%, 21, 0, 3, 254.58
1619605636, 0, 2, 336, 334, 76, 3.25%, 21, 0, 3, 339.79
1619605641, 0, 2, 338, 336, 76, 3.25%, 21, 0, 3, 405.61
1619605646, 0, 2, 339, 337, 76, 3.26%, 21, 0, 3, 405.72
1619605651, 0, 2, 340, 338, 76, 3.26%, 21, 0, 3, 410.57
1619605656, 0, 2, 343, 341, 76, 3.26%, 21, 0, 3, 411.18
1619605661, 0, 2, 346, 344, 76, 3.26%, 21, 0, 3, 410.09
1619605666, 0, 2, 347, 345, 76, 3.26%, 21, 0, 3, 419.90
1619605672, 0, 2, 348, 346, 76, 3.26%, 21, 0, 3, 428.63
1619605677, 0, 2, 349, 347, 76, 3.26%, 21, 0, 3, 421.27
1619605697, 0, 3, 350, 347, 75, 3.26%, 21, 0, 3, 290.59
1619606966, 0, 4, 351, 347, 74, 3.26%, 22, 0, 3, 282.47
1619606971, 0, 4, 352, 348, 74, 3.26%, 22, 0, 3, 242.14
1619607099, 0, 4, 353, 349, 74, 3.26%, 22, 0, 3, 307.32
1619607181, 0, 4, 354, 350, 74, 3.28%, 22, 0, 3, 292.06
1619607242, 0, 4, 356, 352, 74, 3.29%, 22, 0, 3, 368.31
1619608236, 0, 4, 357, 353, 74, 3.29%, 22, 0, 3, 389.76
1619608241, 0, 4, 358, 354, 74, 3.29%, 22, 0, 3, 428.50
1619608246, 0, 6, 358, 353, 75, 3.29%, 22, 0, 3, 392.15
1619608292, 0, 6, 359, 354, 75, 3.29%, 22, 0, 3, 418.16
1619608353, 0, 6, 359, 354, 75, 3.29%, 23, 0, 3, 457.45
1619608713, 0, 7, 359, 353, 75, 3.29%, 23, 0, 3, 400.62
1619609677, 0, 7, 360, 354, 75, 3.29%, 23, 0, 3, 242.04
1619609723, 0, 7, 361, 355, 75, 3.29%, 23, 0, 3, 274.34
1619609991, 0, 9, 361, 354, 74, 3.29%, 23, 0, 3, 369.22
1619610098, 0, 9, 361, 354, 74, 3.29%, 24, 0, 3, 525.31
1619610462, 0, 10, 361, 353, 73, 3.29%, 24, 0, 3, 420.78
1619610660, 0, 10, 361, 353, 73, 3.29%, 25, 0, 3, 512.86
1619611385, 0, 15, 361, 352, 72, 3.29%, 25, 0, 3, 376.95
1619611497, 0, 15, 361, 352, 72, 3.29%, 26, 0, 3, 445.16
1619611867, 0, 17, 361, 351, 71, 3.29%, 26, 0, 3, 374.65
1619611973, 0, 17, 361, 351, 71, 3.29%, 27, 0, 3, 545.10
1619612343, 0, 27, 361, 350, 71, 3.29%, 27, 0, 3, 378.86
1619612551, 0, 27, 361, 350, 71, 3.29%, 28, 0, 3, 491.67
1619612627, 0, 27, 363, 352, 71, 3.29%, 28, 0, 3, 291.38
1619613281, 0, 35, 363, 351, 70, 3.29%, 28, 0, 3, 385.50
1619613378, 0, 35, 364, 352, 70, 3.29%, 28, 0, 3, 324.80
1619613479, 0, 35, 364, 352, 70, 3.29%, 29, 0, 3, 417.76
1619613540, 0, 35, 365, 353, 70, 3.29%, 29, 0, 3, 305.93
1619613545, 0, 35, 366, 354, 70, 3.29%, 29, 0, 3, 324.52
1619614200, 0, 39, 366, 353, 69, 3.29%, 29, 0, 3, 374.05
1619614301, 0, 39, 366, 353, 69, 3.29%, 30, 0, 3, 455.00
1619614666, 0, 40, 366, 352, 68, 3.29%, 30, 0, 3, 409.00
1619614778, 0, 40, 366, 352, 68, 3.29%, 31, 0, 3, 464.99
1619615148, 0, 60, 366, 351, 67, 3.29%, 31, 0, 3, 375.46
1619615249, 0, 60, 367, 352, 67, 3.29%, 31, 0, 3, 508.66
1619615254, 0, 60, 367, 352, 67, 3.29%, 32, 0, 3, 405.71
1619615646, 0, 67, 367, 351, 66, 3.29%, 32, 0, 3, 354.28
1619615879, 0, 67, 368, 352, 66, 3.29%, 32, 0, 3, 268.68
1619616925, 0, 83, 368, 351, 65, 3.29%, 32, 0, 3, 342.87
1619616935, 0, 83, 369, 352, 65, 3.29%, 32, 0, 3, 263.39
1619618197, 0, 89, 369, 351, 64, 3.29%, 32, 0, 3, 311.85
1619618233, 0, 89, 370, 352, 64, 3.30%, 32, 0, 3, 276.00
1619618526, 0, 89, 374, 356, 64, 3.30%, 32, 0, 3, 262.55
1619618532, 0, 89, 377, 359, 64, 3.30%, 32, 0, 3, 262.53
1619618557, 0, 89, 378, 360, 64, 3.30%, 32, 0, 3, 263.57
1619618567, 0, 89, 379, 361, 64, 3.30%, 32, 0, 3, 312.32
1619619498, 0, 92, 379, 360, 63, 3.30%, 32, 0, 3, 367.09
1619620789, 0, 93, 379, 359, 62, 3.30%, 32, 0, 3, 352.06
1619620815, 0, 93, 380, 360, 62, 3.30%, 32, 0, 3, 254.25
1619620825, 0, 93, 381, 361, 62, 3.30%, 32, 0, 3, 271.21
1619620830, 0, 93, 382, 362, 62, 3.30%, 32, 0, 3, 251.25
1619621464, 0, 93, 383, 363, 62, 3.30%, 32, 0, 3, 234.28
1619622064, 0, 93, 384, 364, 62, 3.30%, 32, 0, 3, 381.05
1619622069, 0, 98, 384, 363, 62, 3.30%, 32, 0, 3, 390.43
1619622186, 0, 98, 384, 363, 62, 3.30%, 33, 0, 3, 473.01
1619622550, 0, 100, 384, 362, 61, 3.30%, 33, 0, 3, 349.08
1619622575, 0, 100, 385, 363, 61, 3.30%, 33, 0, 3, 311.83
1619622747, 0, 100, 385, 363, 61, 3.30%, 34, 0, 3, 415.50
1619623463, 0, 106, 385, 362, 61, 3.30%, 34, 0, 3, 377.40
1619623738, 0, 106, 387, 364, 61, 3.30%, 34, 0, 3, 386.18
1619624724, 0, 107, 387, 363, 60, 3.30%, 34, 0, 3, 296.84
1619624987, 0, 107, 388, 364, 60, 3.30%, 34, 0, 3, 446.84
1619624993, 0, 107, 394, 370, 60, 3.30%, 34, 0, 3, 371.85
1619625937, 0, 108, 394, 369, 60, 3.30%, 34, 0, 3, 328.07
1619625947, 0, 108, 395, 370, 60, 3.30%, 34, 0, 3, 325.71
1619625957, 0, 108, 397, 372, 60, 3.30%, 34, 0, 3, 356.25
1619626130, 0, 108, 397, 372, 60, 3.30%, 35, 0, 3, 478.71
1619626155, 0, 108, 402, 377, 60, 3.34%, 35, 0, 3, 372.59
1619626843, 0, 109, 402, 376, 65, 3.34%, 35, 0, 3, 388.79
1619626946, 0, 109, 402, 376, 65, 3.34%, 36, 0, 3, 516.32
1619627311, 0, 111, 402, 375, 64, 3.34%, 36, 0, 3, 359.24
1619627316, 0, 111, 403, 376, 64, 3.34%, 36, 0, 3, 328.72
1619627331, 0, 111, 404, 377, 64, 3.35%, 36, 0, 3, 352.52
1619627408, 0, 111, 405, 378, 64, 3.35%, 36, 0, 3, 325.29
1619627505, 0, 111, 405, 378, 64, 3.35%, 37, 0, 3, 432.05
1619628211, 0, 111, 406, 379, 64, 3.35%, 37, 0, 3, 318.79
1619628226, 0, 112, 406, 378, 65, 3.35%, 37, 0, 3, 334.49
1619628432, 0, 112, 406, 378, 65, 3.35%, 38, 0, 3, 446.71
1619629166, 0, 113, 406, 377, 64, 3.35%, 38, 0, 3, 342.35
1619629372, 0, 113, 406, 377, 64, 3.35%, 39, 0, 3, 440.02
1619630099, 0, 114, 406, 376, 63, 3.35%, 39, 0, 3, 376.58
1619630297, 0, 114, 406, 376, 63, 3.35%, 40, 0, 3, 467.16
1619631021, 0, 115, 406, 375, 62, 3.35%, 40, 0, 3, 348.96
1619631230, 0, 115, 406, 375, 62, 3.35%, 41, 0, 3, 389.51
1619631962, 0, 116, 406, 374, 61, 3.35%, 41, 0, 3, 400.17
1619631992, 0, 116, 407, 375, 61, 3.35%, 41, 0, 3, 314.89
1619632064, 0, 116, 408, 376, 61, 3.35%, 41, 0, 3, 348.69
1619632175, 0, 116, 408, 376, 61, 3.35%, 42, 0, 3, 402.90
1619632201, 0, 116, 409, 377, 61, 3.35%, 42, 0, 3, 345.99
1619632917, 0, 116, 410, 378, 61, 3.35%, 42, 0, 3, 395.15
1619632922, 0, 128, 410, 377, 60, 3.35%, 42, 0, 3, 417.89
1619633028, 0, 128, 412, 379, 60, 3.37%, 42, 0, 3, 455.52
1619633383, 0, 133, 412, 378, 61, 3.37%, 42, 0, 3, 452.13
1619633459, 0, 133, 412, 378, 61, 3.37%, 43, 0, 3, 557.33
1619633825, 0, 137, 412, 377, 60, 3.37%, 43, 0, 3, 383.77
1619634007, 0, 137, 412, 377, 60, 3.37%, 44, 0, 3, 429.25
1619634676, 0, 139, 412, 376, 59, 3.37%, 44, 0, 3, 387.15
1619634885, 0, 139, 412, 376, 59, 3.37%, 45, 0, 3, 476.69
1619635627, 0, 147, 413, 376, 58, 3.37%, 45, 0, 3, 347.43
1619635652, 0, 147, 414, 377, 58, 3.37%, 45, 0, 3, 327.88
1619635723, 0, 147, 421, 384, 58, 3.37%, 45, 0, 3, 349.42
1619635829, 0, 147, 421, 384, 58, 3.37%, 46, 0, 3, 450.60
1619635870, 0, 147, 423, 386, 58, 3.37%, 46, 0, 3, 303.21
1619636560, 0, 148, 423, 385, 60, 3.37%, 46, 0, 3, 347.75
1619636765, 0, 148, 423, 385, 60, 3.37%, 47, 0, 3, 472.71
1619636812, 0, 148, 424, 386, 60, 3.37%, 47, 0, 3, 303.04
1619636837, 0, 148, 425, 387, 60, 3.37%, 47, 0, 3, 296.31
1619637492, 0, 161, 425, 386, 59, 3.37%, 47, 0, 3, 300.50
1619637685, 0, 161, 426, 387, 59, 3.37%, 47, 0, 3, 270.28
1619638771, 0, 167, 426, 386, 58, 3.37%, 47, 0, 3, 325.50
1619638969, 0, 167, 427, 387, 58, 3.37%, 47, 0, 3, 270.85
1619638990, 0, 167, 428, 388, 58, 3.37%, 47, 0, 3, 250.77
1619639051, 0, 167, 429, 389, 58, 3.37%, 47, 0, 3, 421.27
1619640046, 0, 173, 429, 388, 58, 3.37%, 47, 0, 3, 302.58
1619640213, 0, 173, 430, 389, 58, 3.37%, 47, 0, 3, 250.88
1619641319, 0, 179, 430, 388, 57, 3.37%, 47, 0, 3, 278.07
1619641375, 0, 179, 433, 391, 57, 3.38%, 47, 0, 3, 235.34
1619641558, 0, 179, 434, 392, 57, 3.38%, 47, 0, 3, 237.48
1619641563, 0, 179, 435, 393, 57, 3.38%, 47, 0, 3, 243.23
1619641593, 0, 179, 437, 395, 57, 3.38%, 47, 0, 3, 362.90
1619642279, 0, 179, 438, 396, 57, 3.38%, 47, 0, 3, 238.69
1619642320, 0, 179, 439, 397, 57, 3.38%, 47, 0, 3, 231.32
1619642325, 0, 179, 441, 399, 57, 3.38%, 47, 0, 3, 233.62
1619642330, 0, 179, 442, 400, 57, 3.38%, 47, 0, 3, 231.66
1619642614, 0, 180, 442, 399, 59, 3.38%, 47, 0, 3, 326.01
1619642807, 0, 180, 443, 400, 59, 3.38%, 47, 0, 3, 331.54
1619642817, 0, 180, 443, 400, 59, 3.38%, 48, 0, 3, 417.72
1619643543, 0, 184, 443, 399, 59, 3.38%, 48, 0, 3, 290.72
1619643608, 0, 184, 444, 400, 59, 3.39%, 48, 0, 3, 287.02
1619644703, 0, 184, 449, 405, 59, 3.40%, 48, 0, 3, 296.45
1619644708, 0, 184, 450, 406, 59, 3.41%, 48, 0, 3, 250.72
1619644769, 0, 184, 450, 406, 59, 3.41%, 49, 0, 3, 344.30
1619644774, 0, 196, 452, 407, 62, 3.41%, 50, 0, 3, 353.92
1619644789, 0, 196, 452, 407, 62, 3.41%, 51, 0, 3, 328.91
1619644799, 0, 196, 453, 408, 62, 3.41%, 51, 0, 3, 362.12
1619645013, 0, 196, 455, 410, 62, 3.41%, 51, 0, 3, 360.71
1619645018, 0, 196, 457, 412, 62, 3.41%, 51, 0, 3, 332.65
1619645023, 0, 196, 459, 414, 62, 3.41%, 51, 0, 3, 328.50
1619645028, 0, 196, 460, 415, 62, 3.41%, 52, 0, 3, 304.03
1619645033, 0, 196, 461, 416, 62, 3.41%, 52, 0, 3, 384.21
1619645818, 0, 196, 462, 417, 62, 3.41%, 52, 0, 3, 367.14
1619645823, 0, 196, 463, 418, 62, 3.41%, 52, 0, 3, 433.99
1619645828, 0, 198, 463, 417, 61, 3.41%, 53, 0, 3, 385.08
1619646097, 0, 198, 463, 417, 61, 3.41%, 54, 0, 3, 360.98
1619646905, 0, 206, 463, 416, 60, 3.41%, 54, 0, 3, 320.05
1619646915, 0, 206, 463, 416, 60, 3.41%, 55, 0, 3, 267.82
1619646941, 0, 206, 463, 416, 60, 3.41%, 57, 0, 3, 339.93
1619646981, 0, 206, 463, 416, 60, 3.41%, 58, 0, 3, 311.43
1619647042, 0, 206, 463, 416, 60, 3.41%, 60, 0, 3, 414.06
1619647052, 0, 206, 463, 416, 60, 3.41%, 61, 0, 3, 340.62
1619647057, 0, 206, 464, 417, 60, 3.41%, 61, 0, 3, 305.51
1619647139, 0, 206, 464, 417, 60, 3.41%, 62, 0, 3, 257.77
1619647184, 0, 206, 466, 419, 60, 3.41%, 62, 0, 3, 413.91
1619647205, 0, 206, 467, 420, 60, 3.41%, 62, 0, 3, 292.72
1619647215, 0, 206, 468, 421, 60, 3.41%, 62, 0, 3, 300.92
1619647235, 0, 206, 469, 422, 60, 3.41%, 63, 0, 3, 294.86
1619647240, 0, 206, 470, 423, 60, 3.41%, 63, 0, 3, 411.27
1619647261, 0, 206, 470, 423, 60, 3.41%, 70, 0, 3, 406.29
1619647301, 0, 206, 470, 423, 60, 3.41%, 71, 0, 3, 290.26
1619648124, 0, 206, 470, 423, 60, 3.41%, 72, 0, 3, 324.58
1619648205, 0, 207, 471, 423, 62, 3.41%, 74, 0, 3, 327.06
1619648215, 0, 207, 472, 424, 62, 3.41%, 74, 0, 3, 265.94
1619648489, 0, 207, 473, 425, 62, 3.41%, 74, 0, 3, 361.82
1619649479, 0, 216, 473, 424, 61, 3.41%, 74, 0, 3, 322.08
1619649744, 0, 216, 474, 425, 61, 3.41%, 74, 0, 3, 569.73
1619650676, 0, 222, 474, 424, 60, 3.41%, 74, 0, 3, 364.57
1619651030, 0, 222, 475, 425, 60, 3.41%, 74, 0, 3, 319.93
1619651736, 0, 223, 475, 424, 59, 3.41%, 74, 0, 3, 387.91
1619651919, 0, 223, 476, 425, 59, 3.41%, 74, 0, 3, 311.07
1619652813, 0, 224, 476, 424, 58, 3.41%, 74, 0, 3, 368.23
1619653192, 0, 224, 477, 425, 58, 3.41%, 74, 0, 3, 325.37
1619653906, 0, 226, 477, 424, 58, 3.41%, 74, 0, 3, 369.66
1619654939, 0, 257, 477, 423, 57, 3.41%, 74, 0, 3, 341.87
1619656238, 0, 263, 477, 422, 56, 3.41%, 74, 0, 3, 421.49
1619656515, 0, 268, 477, 421, 55, 3.41%, 74, 0, 3, 382.47
1619656638, 0, 268, 478, 422, 55, 3.41%, 74, 0, 3, 451.68
1619657024, 0, 280, 478, 421, 54, 3.41%, 74, 0, 3, 339.18
1619657029, 0, 280, 479, 422, 54, 3.41%, 74, 0, 3, 318.02
1619657034, 0, 280, 480, 423, 54, 3.41%, 74, 0, 3, 306.04
1619657219, 0, 280, 481, 424, 54, 3.41%, 74, 0, 3, 285.07
1619657276, 0, 280, 482, 425, 54, 3.41%, 74, 0, 3, 295.57
1619657317, 0, 280, 483, 426, 54, 3.41%, 75, 0, 3, 396.26
1619657399, 0, 280, 484, 427, 54, 3.41%, 75, 0, 3, 304.74
1619657543, 0, 280, 485, 428, 54, 3.41%, 75, 0, 3, 283.92
1619658193, 0, 287, 485, 427, 54, 3.41%, 75, 0, 3, 373.02
1619658877, 0, 291, 485, 426, 53, 3.41%, 75, 0, 3, 422.58
1619658892, 0, 291, 486, 427, 53, 3.41%, 75, 0, 3, 310.32
1619659075, 0, 291, 486, 427, 53, 3.41%, 76, 0, 3, 431.71
1619659775, 0, 292, 488, 428, 53, 3.41%, 76, 0, 3, 293.87
1619660064, 0, 292, 489, 429, 53, 3.41%, 76, 0, 3, 575.10
1619660070, 0, 292, 490, 430, 53, 3.41%, 76, 0, 3, 346.98
1619661123, 0, 312, 490, 429, 52, 3.41%, 76, 0, 3, 347.56
1619661164, 0, 312, 491, 430, 52, 3.41%, 76, 0, 4, 276.98
1619662388, 0, 313, 491, 429, 51, 3.41%, 76, 0, 4, 339.54
1619662687, 0, 313, 491, 429, 51, 3.41%, 77, 0, 4, 309.99
1619663651, 0, 314, 491, 428, 50, 3.41%, 77, 0, 4, 291.51
1619664900, 0, 322, 493, 429, 49, 3.41%, 77, 0, 4, 272.42
1619664916, 0, 322, 494, 430, 49, 3.41%, 77, 0, 4, 242.39
1619664931, 0, 322, 495, 431, 49, 3.41%, 77, 0, 4, 329.46
1619665129, 0, 322, 502, 438, 49, 3.42%, 77, 0, 4, 257.07
1619665149, 0, 322, 503, 439, 49, 3.42%, 77, 0, 4, 227.16
1619665887, 0, 322, 504, 440, 49, 3.42%, 77, 0, 4, 225.46
1619666277, 0, 338, 504, 439, 50, 3.42%, 77, 0, 4, 273.40
1619666480, 0, 338, 505, 440, 50, 3.42%, 77, 0, 4, 314.93
1619666490, 0, 338, 506, 441, 50, 3.42%, 77, 0, 4, 399.41
1619667286, 0, 340, 506, 440, 50, 3.42%, 77, 0, 4, 353.25
1619667291, 0, 340, 507, 441, 50, 3.42%, 77, 0, 4, 371.94
1619667301, 0, 340, 508, 442, 50, 3.42%, 77, 0, 4, 364.24
1619667357, 0, 340, 508, 442, 50, 3.42%, 78, 0, 4, 465.14
1619667697, 0, 341, 509, 442, 50, 3.42%, 78, 0, 4, 323.72
1619667707, 0, 341, 510, 443, 50, 3.42%, 78, 0, 4, 345.29
1619667813, 0, 341, 511, 444, 50, 3.42%, 78, 0, 4, 497.26
1619667853, 0, 341, 512, 445, 50, 3.42%, 78, 0, 4, 339.26
1619668270, 0, 350, 513, 445, 51, 3.43%, 78, 0, 4, 378.02
1619669520, 0, 353, 513, 444, 51, 3.43%, 78, 0, 4, 343.15
1619669708, 0, 353, 521, 452, 51, 3.47%, 78, 0, 4, 261.88
1619669713, 0, 353, 524, 455, 51, 3.47%, 78, 0, 4, 256.53
1619669738, 0, 353, 525, 456, 51, 3.48%, 78, 0, 4, 376.81
1619670342, 0, 353, 526, 457, 51, 3.48%, 78, 0, 4, 252.41
1619670545, 0, 355, 526, 456, 57, 3.48%, 78, 0, 4, 267.90
1619670576, 0, 355, 527, 457, 57, 3.48%, 78, 0, 4, 223.52
1619670703, 0, 355, 528, 458, 57, 3.48%, 78, 0, 4, 298.87
1619670855, 0, 355, 529, 459, 57, 3.48%, 78, 0, 4, 376.51
1619670886, 0, 355, 530, 460, 57, 3.48%, 78, 0, 4, 279.15
1619670891, 0, 355, 531, 461, 57, 3.48%, 78, 0, 4, 283.32
1619671977, 0, 356, 533, 462, 56, 3.48%, 78, 0, 4, 352.12
1619672115, 0, 356, 534, 463, 56, 3.48%, 78, 0, 4, 414.98
1619672760, 0, 358, 534, 462, 56, 3.48%, 78, 0, 4, 362.43
1619672871, 0, 358, 534, 462, 56, 3.48%, 79, 0, 4, 498.89
1619673257, 0, 369, 534, 461, 55, 3.48%, 79, 0, 4, 387.89
1619673464, 0, 369, 534, 461, 55, 3.48%, 80, 0, 4, 432.56
1619674204, 0, 382, 535, 461, 54, 3.48%, 80, 0, 4, 302.21
1619674341, 0, 382, 536, 462, 54, 3.48%, 80, 0, 4, 283.39
1619674372, 0, 382, 537, 463, 54, 3.48%, 80, 0, 4, 231.17
1619675554, 0, 383, 537, 462, 54, 3.48%, 80, 0, 4, 354.89
1619675609, 0, 383, 538, 463, 54, 3.48%, 80, 0, 4, 339.30
1619676014, 0, 384, 538, 462, 54, 3.48%, 80, 0, 4, 389.10
1619676212, 0, 384, 538, 462, 54, 3.48%, 81, 0, 4, 440.02
1619676931, 0, 388, 538, 461, 53, 3.48%, 81, 0, 4, 331.22
1619678166, 0, 389, 538, 460, 52, 3.48%, 81, 0, 4, 326.25
1619679373, 0, 396, 538, 459, 51, 3.48%, 81, 0, 4, 368.41
1619679474, 0, 396, 538, 459, 51, 3.48%, 82, 0, 4, 554.49
1619679835, 0, 397, 538, 458, 50, 3.48%, 82, 0, 4, 384.67
1619680023, 0, 397, 538, 458, 50, 3.48%, 83, 0, 4, 458.25
1619680064, 0, 397, 539, 459, 50, 3.48%, 83, 0, 4, 320.71
1619680733, 0, 397, 540, 460, 50, 3.48%, 83, 0, 4, 353.68
1619680738, 0, 398, 540, 459, 51, 3.48%, 83, 0, 4, 398.91
1619680946, 0, 398, 540, 459, 51, 3.48%, 84, 0, 4, 408.63
1619681682, 0, 398, 541, 460, 51, 3.48%, 84, 0, 4, 341.69
1619681687, 0, 399, 541, 459, 51, 3.48%, 84, 0, 4, 394.11
1619681891, 0, 399, 541, 459, 51, 3.48%, 85, 0, 4, 498.99
1619682636, 0, 399, 542, 460, 51, 3.49%, 85, 0, 4, 414.29
1619682641, 0, 400, 542, 459, 51, 3.49%, 85, 0, 4, 375.75
1619682707, 0, 400, 544, 461, 51, 3.49%, 85, 0, 4, 339.58
1619682758, 0, 400, 544, 461, 51, 3.49%, 86, 0, 4, 456.81
1619682819, 0, 400, 545, 462, 51, 3.49%, 86, 0, 4, 338.94
1619682824, 0, 400, 546, 463, 51, 3.49%, 86, 0, 4, 338.14
1619683134, 0, 401, 546, 462, 51, 3.49%, 86, 0, 4, 357.75
1619683164, 0, 401, 547, 463, 51, 3.49%, 86, 0, 4, 317.52
1619683352, 0, 401, 547, 463, 51, 3.49%, 87, 0, 4, 394.07
1619684113, 0, 401, 548, 464, 51, 3.50%, 87, 0, 4, 399.91
1619684118, 0, 402, 548, 463, 52, 3.50%, 87, 0, 4, 334.94
1619685041, 0, 405, 548, 462, 52, 3.50%, 87, 0, 4, 345.93
1619685066, 0, 405, 549, 463, 52, 3.50%, 87, 0, 4, 327.63
1619685239, 0, 405, 549, 463, 52, 3.50%, 88, 0, 4, 417.90
1619685299, 0, 405, 550, 464, 52, 3.50%, 88, 0, 4, 298.76
1619685305, 0, 405, 551, 465, 52, 3.50%, 88, 0, 4, 324.03
1619685969, 0, 407, 551, 464, 52, 3.50%, 88, 0, 4, 334.38
1619685994, 0, 407, 552, 465, 52, 3.50%, 88, 0, 4, 333.39
1619686009, 0, 407, 553, 466, 52, 3.50%, 88, 0, 4, 325.07
1619686151, 0, 407, 553, 466, 52, 3.50%, 89, 0, 4, 463.38
1619686837, 0, 410, 553, 465, 52, 3.50%, 89, 0, 4, 368.23
1619687303, 0, 411, 553, 464, 51, 3.50%, 89, 0, 4, 411.20
1619687769, 0, 413, 553, 463, 50, 3.50%, 89, 0, 4, 370.16
1619687901, 0, 413, 554, 464, 50, 3.50%, 89, 0, 4, 240.72
1619688048, 0, 413, 556, 466, 50, 3.51%, 89, 0, 4, 293.61
1619688893, 0, 415, 556, 465, 50, 3.51%, 89, 0, 4, 368.85
1619688918, 0, 415, 557, 466, 50, 3.51%, 89, 0, 4, 333.50
1619689076, 0, 415, 557, 466, 50, 3.51%, 90, 0, 4, 414.16
1619689116, 0, 415, 558, 467, 50, 3.51%, 90, 0, 4, 292.48
1619689811, 0, 416, 558, 466, 49, 3.51%, 90, 0, 4, 349.94
1619689912, 0, 416, 559, 467, 49, 3.51%, 90, 0, 4, 316.22
1619690019, 0, 416, 559, 467, 49, 3.51%, 91, 0, 4, 424.46
1619690750, 0, 427, 559, 466, 48, 3.51%, 91, 0, 4, 403.67
1619690755, 0, 427, 560, 467, 48, 3.51%, 91, 0, 4, 289.01
1619691010, 0, 427, 561, 468, 48, 3.51%, 91, 0, 4, 261.24
1619692034, 0, 430, 561, 467, 47, 3.51%, 91, 0, 4, 302.72
1619692090, 0, 430, 562, 468, 47, 3.51%, 91, 0, 4, 237.78
1619693345, 0, 431, 562, 467, 46, 3.51%, 91, 0, 4, 308.84
1619693360, 0, 431, 563, 468, 46, 3.51%, 91, 0, 4, 246.14
1619693400, 0, 431, 564, 469, 46, 3.51%, 91, 0, 4, 244.75
1619693568, 0, 431, 565, 470, 46, 3.51%, 91, 0, 4, 239.71
1619694612, 0, 433, 565, 469, 45, 3.51%, 91, 0, 4, 304.53
