# unix_time, cycles_done, cur_path, paths_total, pending_total, pending_favs, map_size, unique_crashes, unique_hangs, max_depth, execs_per_sec
1650726834, 0, 0, 1, 1, 1, 0.11%, 0, 0, 1, 14.26
1650726839, 0, 0, 10, 10, 1, 0.23%, 1, 0, 2, 211.11
1650726844, 0, 0, 15, 15, 1, 0.24%, 1, 0, 2, 216.04
1650726849, 0, 0, 17, 17, 1, 0.24%, 1, 0, 2, 212.82
1650726854, 0, 0, 20, 20, 1, 0.24%, 1, 0, 2, 222.04
1650726859, 0, 0, 22, 22, 1, 0.24%, 1, 0, 2, 235.20
1650726864, 0, 0, 23, 23, 1, 0.24%, 1, 0, 2, 223.68
1650726869, 0, 0, 27, 27, 1, 0.24%, 1, 0, 2, 240.83
1650726895, 0, 0, 29, 29, 1, 0.26%, 1, 0, 2, 283.86
1650726900, 0, 0, 35, 35, 1, 0.26%, 1, 0, 2, 232.48
1650726905, 0, 0, 36, 36, 1, 0.26%, 1, 0, 2, 235.34
1650726910, 0, 0, 38, 38, 1, 0.26%, 1, 0, 2, 223.58
1650726992, 0, 0, 40, 40, 1, 0.26%, 1, 0, 2, 152.84
1650727002, 0, 0, 41, 41, 1, 0.27%, 1, 0, 2, 147.04
1650727022, 0, 0, 42, 42, 1, 0.27%, 1, 0, 2, 186.14
1650727032, 0, 0, 44, 44, 1, 0.27%, 1, 0, 2, 206.93
1650727143, 0, 0, 45, 45, 1, 0.31%, 1, 0, 2, 221.02
1650727149, 0, 0, 47, 47, 1, 0.31%, 1, 0, 2, 245.49
1650727219, 0, 0, 48, 48, 1, 0.32%, 1, 0, 2, 195.25
1650727235, 0, 0, 49, 49, 1, 0.32%, 1, 0, 2, 213.03
1650727458, 0, 0, 50, 50, 1, 0.32%, 1, 0, 2, 210.59
1650728250, 0, 0, 53, 53, 1, 0.32%, 1, 0, 2, 235.28
1650728255, 0, 0, 54, 54, 1, 0.32%, 1, 0, 2, 281.91
1650728270, 0, 0, 55, 55, 1, 0.32%, 1, 0, 2, 286.65
1650728275, 0, 0, 56, 56, 1, 0.32%, 1, 0, 2, 259.01
1650728280, 0, 0, 57, 57, 1, 0.32%, 1, 0, 2, 284.79
1650728296, 0, 0, 58, 58, 1, 0.32%, 1, 0, 2, 285.77
1650728306, 0, 0, 59, 59, 1, 0.32%, 1, 0, 2, 278.86
1650728366, 0, 5, 59, 58, 17, 0.32%, 1, 0, 2, 234.83
1650729615, 0, 5, 61, 60, 17, 0.32%, 1, 0, 3, 245.48
1650729630, 0, 6, 61, 59, 17, 0.32%, 1, 0, 3, 258.48
1650731020, 0, 9, 61, 58, 16, 0.32%, 1, 0, 3, 250.91
1650732434, 0, 11, 61, 57, 15, 0.32%, 1, 0, 3, 222.04
1650732490, 0, 11, 62, 58, 15, 0.34%, 1, 0, 3, 147.18
1650732606, 0, 16, 62, 57, 15, 0.34%, 1, 0, 3, 256.69
1650733860, 0, 16, 63, 58, 15, 0.34%, 1, 0, 3, 269.98
1650733865, 0, 20, 63, 57, 14, 0.34%, 1, 0, 3, 238.00
1650734864, 0, 24, 63, 56, 13, 0.34%, 1, 0, 3, 238.22
1650736107, 0, 24, 64, 57, 13, 0.34%, 1, 0, 3, 287.89
1650736112, 0, 27, 64, 56, 12, 0.34%, 1, 0, 3, 224.34
1650737680, 0, 30, 64, 55, 11, 0.34%, 1, 0, 3, 222.51
1650739366, 0, 34, 64, 54, 10, 0.34%, 1, 0, 3, 246.33
1650740366, 0, 35, 64, 53, 9, 0.34%, 1, 0, 3, 236.49
1650740965, 0, 35, 65, 54, 9, 0.34%, 1, 0, 3, 225.59
1650741671, 0, 40, 65, 53, 8, 0.34%, 1, 0, 3, 223.21
1650743825, 0, 41, 65, 52, 7, 0.34%, 1, 0, 3, 258.02
1650744120, 0, 44, 65, 51, 6, 0.34%, 1, 0, 3, 228.63
1650744221, 0, 44, 66, 52, 6, 0.34%, 1, 0, 3, 180.09
1650744607, 0, 44, 67, 53, 6, 0.36%, 1, 0, 3, 176.33
1650744622, 0, 44, 73, 59, 6, 0.37%, 1, 0, 3, 185.31
1650744627, 0, 44, 74, 60, 6, 0.37%, 1, 0, 3, 166.32
1650744663, 0, 44, 75, 61, 6, 0.37%, 1, 0, 3, 179.34
1650745459, 0, 45, 75, 60, 8, 0.37%, 1, 0, 3, 248.48
1650746011, 0, 45, 76, 61, 8, 0.37%, 1, 0, 3, 243.90
1650746716, 0, 47, 77, 61, 8, 0.38%, 1, 0, 3, 244.50
1650746884, 0, 47, 78, 62, 8, 0.38%, 1, 0, 3, 142.37
1650748193, 0, 56, 78, 61, 8, 0.38%, 1, 0, 3, 232.45
1650749198, 0, 56, 79, 62, 8, 0.38%, 1, 0, 3, 221.09
1650749249, 0, 56, 80, 63, 8, 0.38%, 1, 0, 3, 262.77
1650749254, 0, 59, 80, 62, 8, 0.38%, 1, 0, 3, 260.11
1650749935, 0, 59, 81, 63, 8, 0.38%, 1, 0, 4, 285.19
1650749940, 0, 61, 81, 62, 7, 0.38%, 1, 0, 4, 275.62
1650750194, 0, 65, 81, 61, 6, 0.38%, 1, 0, 4, 248.46
1650750777, 0, 65, 82, 62, 6, 0.38%, 1, 0, 4, 198.51
1650751437, 0, 65, 83, 63, 6, 0.38%, 1, 0, 4, 197.87
1650751574, 0, 68, 83, 62, 6, 0.38%, 1, 0, 4, 228.13
1650751584, 0, 68, 84, 63, 6, 0.38%, 1, 0, 4, 196.83
1650751610, 0, 68, 87, 66, 6, 0.40%, 1, 0, 4, 179.23
1650751630, 0, 68, 91, 70, 6, 0.41%, 1, 0, 4, 199.70
1650751701, 0, 68, 92, 71, 6, 0.41%, 1, 0, 4, 187.07
1650751716, 0, 68, 94, 73, 6, 0.41%, 1, 0, 4, 188.04
1650751721, 0, 68, 96, 75, 6, 0.41%, 1, 0, 4, 180.77
1650752198, 0, 68, 97, 76, 6, 0.41%, 1, 0, 4, 174.72
1650752406, 0, 68, 100, 79, 6, 0.41%, 1, 0, 4, 185.39
1650752629, 0, 68, 101, 80, 6, 0.41%, 1, 0, 4, 170.35
1650752645, 0, 68, 102, 81, 6, 0.41%, 1, 0, 4, 168.46
1650752903, 0, 68, 103, 82, 6, 0.41%, 1, 0, 4, 167.33
1650752923, 0, 68, 104, 83, 6, 0.41%, 1, 0, 4, 173.93
1650753796, 0, 68, 105, 84, 6, 0.41%, 1, 0, 4, 236.85
1650753801, 0, 68, 106, 85, 6, 0.41%, 1, 0, 4, 259.56
1650753811, 0, 75, 106, 84, 11, 0.41%, 1, 0, 4, 237.97
1650754658, 0, 75, 107, 85, 11, 0.41%, 1, 0, 4, 254.31
1650755308, 0, 76, 107, 84, 10, 0.41%, 1, 0, 4, 231.93
1650756795, 0, 78, 107, 83, 9, 0.41%, 1, 0, 4, 227.56
1650757977, 0, 81, 107, 82, 8, 0.41%, 1, 0, 4, 246.97
1650758860, 0, 81, 108, 83, 8, 0.41%, 1, 0, 5, 187.11
1650759576, 0, 81, 109, 84, 8, 0.41%, 1, 0, 5, 237.81
1650759592, 0, 82, 109, 83, 7, 0.41%, 1, 0, 5, 217.41
1650761170, 0, 85, 109, 82, 6, 0.41%, 1, 0, 5, 229.48
1650761201, 0, 85, 110, 83, 6, 0.41%, 1, 0, 5, 181.34
1650761231, 0, 85, 111, 84, 6, 0.41%, 1, 0, 5, 185.38
1650763310, 0, 87, 111, 83, 7, 0.41%, 1, 0, 5, 222.96
1650764994, 0, 88, 111, 82, 6, 0.41%, 1, 0, 5, 237.54
1650765019, 0, 88, 112, 83, 6, 0.41%, 1, 0, 5, 189.34
1650766937, 0, 93, 112, 82, 6, 0.41%, 1, 0, 5, 223.74
1650768088, 0, 93, 113, 83, 6, 0.41%, 1, 0, 5, 176.38
1650769174, 0, 95, 113, 82, 5, 0.41%, 1, 0, 5, 222.66
1650771002, 0, 96, 113, 81, 4, 0.41%, 1, 0, 5, 255.42
1650773324, 0, 96, 114, 82, 4, 0.41%, 1, 0, 5, 226.60
1650773339, 0, 109, 114, 81, 3, 0.41%, 1, 0, 5, 235.84
1650775459, 0, 109, 115, 82, 3, 0.41%, 1, 0, 6, 258.08
1650775464, 0, 110, 115, 81, 2, 0.41%, 1, 0, 6, 256.49
1650777598, 0, 111, 115, 80, 1, 0.41%, 1, 0, 6, 200.99
1650779556, 1, 2, 115, 79, 0, 0.41%, 1, 0, 6, 228.09
1650781570, 1, 2, 118, 82, 0, 0.41%, 1, 0, 6, 258.86
1650781576, 1, 2, 119, 83, 0, 0.41%, 1, 0, 6, 240.12
1650781581, 1, 2, 120, 84, 0, 0.41%, 1, 0, 6, 228.54
1650781606, 1, 2, 121, 85, 0, 0.41%, 1, 0, 6, 223.94
1650781636, 1, 2, 122, 86, 0, 0.41%, 1, 0, 6, 233.66
1650781662, 1, 6, 122, 85, 0, 0.41%, 1, 0, 6, 237.15
1650781667, 1, 7, 122, 85, 0, 0.41%, 1, 0, 6, 226.72
1650783011, 1, 20, 122, 84, 0, 0.41%, 1, 0, 6, 285.17
1650783017, 1, 22, 122, 84, 0, 0.41%, 1, 0, 6, 246.83
1650784159, 1, 23, 122, 83, 0, 0.41%, 1, 0, 6, 296.78
1650785570, 1, 26, 122, 82, 0, 0.41%, 1, 0, 6, 234.56
1650786906, 1, 28, 122, 81, 0, 0.41%, 1, 0, 6, 214.33
1650788482, 1, 30, 122, 80, 0, 0.41%, 1, 0, 6, 274.19
1650788487, 1, 31, 122, 80, 0, 0.41%, 1, 0, 6, 189.64
1650789401, 1, 37, 122, 79, 0, 0.41%, 1, 0, 6, 254.96
1650790635, 1, 40, 122, 78, 0, 0.41%, 1, 0, 6, 277.33
1650790640, 1, 49, 122, 78, 0, 0.41%, 1, 0, 6, 235.78
1650792092, 1, 64, 123, 78, 0, 0.41%, 1, 0, 6, 287.64
1650793000, 1, 64, 124, 79, 0, 0.41%, 1, 0, 6, 258.10
1650793593, 1, 64, 125, 80, 0, 0.41%, 1, 0, 6, 276.29
1650793598, 1, 74, 125, 79, 0, 0.41%, 1, 0, 6, 235.97
1650795494, 1, 80, 126, 79, 0, 0.41%, 1, 0, 6, 281.03
1650796864, 1, 81, 126, 78, 0, 0.41%, 1, 0, 6, 273.14
1650796869, 1, 87, 127, 79, 0, 0.41%, 1, 0, 6, 298.25
1650796874, 1, 89, 127, 79, 0, 0.41%, 1, 0, 6, 270.15
1650798826, 1, 90, 127, 78, 0, 0.41%, 1, 0, 6, 219.67
1650800782, 1, 93, 127, 77, 0, 0.41%, 1, 0, 6, 284.60
1650800787, 1, 102, 127, 77, 0, 0.41%, 1, 0, 6, 255.56
1650802752, 1, 102, 128, 78, 0, 0.41%, 1, 0, 6, 343.19
1650802757, 1, 102, 129, 79, 0, 0.41%, 1, 0, 6, 362.16
1650802762, 1, 102, 131, 81, 0, 0.41%, 1, 0, 6, 374.84
1650802778, 1, 102, 132, 82, 0, 0.41%, 1, 0, 6, 373.52
1650802818, 1, 107, 132, 81, 0, 0.41%, 1, 0, 6, 295.08
1650803815, 1, 107, 133, 82, 0, 0.41%, 1, 0, 6, 401.84
1650803820, 1, 111, 134, 82, 0, 0.41%, 1, 0, 6, 404.44
1650803825, 1, 125, 134, 82, 1, 0.41%, 1, 0, 6, 367.01
1650805534, 1, 125, 135, 83, 1, 0.41%, 1, 0, 6, 378.12
1650805545, 1, 133, 135, 82, 2, 0.41%, 1, 0, 6, 315.37
1650805723, 1, 133, 136, 83, 2, 0.41%, 1, 0, 7, 216.22
1650808346, 1, 133, 139, 86, 2, 0.41%, 1, 0, 7, 268.89
1650808351, 1, 133, 140, 87, 2, 0.41%, 1, 0, 7, 234.99
1650808407, 1, 133, 141, 88, 2, 0.41%, 1, 0, 7, 249.97
1650808473, 1, 134, 141, 87, 1, 0.41%, 1, 0, 7, 242.08
1650812970, 1, 135, 141, 86, 0, 0.41%, 1, 0, 7, 184.62
1650816144, 1, 135, 142, 87, 0, 0.41%, 1, 0, 8, 269.23
1650816149, 1, 135, 143, 88, 0, 0.41%, 1, 0, 8, 261.70
1650816165, 1, 135, 144, 89, 0, 0.41%, 1, 0, 8, 270.18
1650816261, 1, 143, 144, 88, 1, 0.41%, 1, 0, 8, 240.33
1650818918, 1, 143, 146, 90, 1, 0.41%, 1, 0, 9, 242.47
1650818923, 1, 143, 147, 91, 1, 0.41%, 1, 0, 9, 263.29
1650818928, 1, 143, 148, 92, 1, 0.41%, 1, 0, 9, 248.59
1650818938, 1, 143, 149, 93, 1, 0.41%, 1, 0, 9, 259.83
1650818959, 1, 143, 150, 94, 1, 0.41%, 1, 0, 9, 265.89
1650818974, 1, 143, 152, 96, 1, 0.41%, 1, 0, 9, 259.84
1650818979, 1, 143, 153, 97, 1, 0.41%, 1, 0, 9, 255.87
1650819010, 1, 144, 153, 96, 2, 0.41%, 1, 0, 9, 250.69
1650819025, 1, 144, 154, 97, 2, 0.41%, 1, 0, 10, 212.38
1650821447, 1, 144, 155, 98, 2, 0.41%, 1, 0, 10, 275.35
1650821462, 1, 144, 156, 99, 2, 0.41%, 1, 0, 10, 291.89
1650821483, 1, 144, 157, 100, 2, 0.41%, 1, 0, 10, 278.42
1650821533, 1, 146, 157, 99, 1, 0.41%, 1, 0, 10, 247.97
1650826206, 1, 146, 158, 100, 1, 0.41%, 1, 0, 10, 242.65
1650826211, 1, 146, 159, 101, 1, 0.41%, 1, 0, 10, 238.35
1650826292, 1, 148, 160, 101, 0, 0.41%, 1, 0, 10, 237.11
1650830287, 1, 150, 160, 100, 0, 0.41%, 1, 0, 10, 235.86
1650830318, 1, 150, 161, 101, 0, 0.41%, 1, 0, 10, 204.92
1650832874, 1, 150, 162, 102, 0, 0.41%, 1, 0, 10, 266.44
1650832915, 1, 153, 162, 101, 0, 0.41%, 1, 0, 10, 237.17
1650834531, 1, 155, 162, 100, 0, 0.41%, 1, 0, 10, 239.57
1650838317, 1, 155, 163, 101, 0, 0.41%, 1, 0, 11, 211.76
1650838333, 1, 155, 164, 102, 0, 0.41%, 1, 0, 11, 236.43
1650838414, 1, 157, 164, 101, 0, 0.41%, 1, 0, 11, 224.45
1650845572, 1, 157, 165, 102, 0, 0.41%, 1, 0, 11, 221.36
1650845593, 1, 160, 165, 101, 0, 0.41%, 1, 0, 11, 214.46
1650848192, 1, 163, 165, 100, 0, 0.41%, 1, 0, 11, 201.63
1650855411, 2, 0, 165, 99, 0, 0.41%, 1, 0, 11, 213.29
1650855416, 2, 4, 165, 99, 0, 0.41%, 1, 0, 11, 225.85
1650856416, 2, 8, 165, 98, 0, 0.41%, 1, 0, 11, 232.49
1650857823, 2, 13, 165, 97, 0, 0.41%, 1, 0, 11, 259.09
1650859152, 2, 17, 165, 96, 0, 0.41%, 1, 0, 11, 258.28
1650860473, 2, 21, 165, 95, 0, 0.41%, 1, 0, 11, 268.03
1650861524, 2, 27, 165, 94, 0, 0.41%, 1, 0, 11, 278.60
1650861529, 2, 29, 165, 94, 0, 0.41%, 1, 0, 11, 188.73
1650862444, 2, 33, 165, 93, 0, 0.41%, 1, 0, 11, 248.65
1650863008, 2, 38, 165, 92, 0, 0.41%, 1, 0, 11, 287.74
1650865557, 2, 38, 166, 93, 0, 0.41%, 1, 0, 11, 229.61
1650865562, 2, 40, 166, 92, 0, 0.41%, 1, 0, 11, 256.64
1650865567, 2, 51, 166, 92, 0, 0.41%, 1, 0, 11, 243.99
1650866604, 2, 52, 166, 91, 0, 0.41%, 1, 0, 11, 236.20
1650867570, 2, 52, 167, 92, 0, 0.41%, 1, 0, 11, 265.00
1650867580, 2, 53, 167, 91, 0, 0.41%, 1, 0, 11, 250.39
1650869140, 2, 57, 167, 90, 0, 0.41%, 1, 0, 11, 248.39
1650870253, 2, 57, 168, 91, 0, 0.41%, 1, 0, 11, 223.22
1650870258, 2, 58, 168, 90, 0, 0.41%, 1, 0, 11, 300.06
1650871111, 2, 58, 169, 91, 0, 0.41%, 1, 0, 11, 239.40
1650871116, 2, 58, 170, 92, 0, 0.41%, 1, 0, 11, 302.17
1650871121, 2, 168, 170, 91, 1, 0.41%, 1, 0, 11, 280.86
1650871990, 2, 168, 171, 92, 1, 0.41%, 1, 0, 11, 316.72
1650872000, 2, 169, 171, 91, 0, 0.41%, 1, 0, 11, 260.47
1650873954, 3, 1, 171, 90, 0, 0.41%, 1, 0, 11, 276.00
1650874132, 3, 14, 171, 89, 0, 0.41%, 1, 0, 11, 244.98
1650875512, 3, 19, 171, 88, 0, 0.41%, 1, 0, 11, 261.80
1650876092, 3, 46, 171, 87, 1, 0.41%, 1, 0, 11, 271.29
1650877422, 3, 54, 171, 86, 0, 0.41%, 1, 0, 11, 245.00
1650879033, 3, 61, 171, 85, 0, 0.41%, 1, 0, 11, 286.10
1650879038, 3, 66, 171, 85, 0, 0.41%, 1, 0, 11, 231.29
1650880550, 3, 68, 171, 84, 0, 0.41%, 1, 0, 11, 260.29
1650880555, 3, 72, 171, 84, 0, 0.41%, 1, 0, 11, 202.79
1650882945, 3, 77, 171, 83, 0, 0.41%, 1, 0, 11, 247.37
1650884815, 3, 81, 171, 82, 0, 0.41%, 1, 0, 11, 269.62
1650884821, 3, 84, 171, 82, 0, 0.41%, 1, 0, 11, 224.61
1650886968, 3, 87, 171, 81, 0, 0.41%, 1, 0, 11, 236.61
1650886973, 3, 96, 171, 81, 0, 0.41%, 1, 0, 11, 262.73
1650886978, 3, 99, 171, 81, 0, 0.41%, 1, 0, 11, 194.45
1650891631, 3, 103, 171, 80, 0, 0.41%, 1, 0, 11, 221.12
1650893859, 3, 109, 171, 79, 0, 0.41%, 1, 0, 11, 248.79
1650893864, 3, 118, 171, 79, 0, 0.41%, 1, 0, 11, 198.68
