# unix_time, cycles_done, cur_path, paths_total, pending_total, pending_favs, map_size, unique_crashes, unique_hangs, max_depth, execs_per_sec
1630397026, 0, 0, 1, 1, 1, 0.04%, 0, 0, 1, 0.17
1630397031, 0, 0, 6, 6, 1, 0.05%, 0, 0, 2, 131.31
1630397036, 0, 0, 9, 9, 1, 0.05%, 0, 0, 2, 13.65
1630397046, 0, 0, 23, 23, 1, 0.05%, 0, 0, 2, 44.13
1630397052, 0, 0, 28, 28, 1, 0.05%, 0, 0, 2, 24.90
1630397062, 0, 0, 30, 30, 1, 0.05%, 0, 0, 2, 12.65
1630397067, 0, 0, 31, 31, 1, 0.05%, 0, 0, 2, 12.79
1630397093, 0, 0, 35, 35, 1, 0.05%, 0, 0, 2, 18.44
1630397098, 0, 0, 36, 36, 1, 0.05%, 0, 0, 2, 13.53
1630397103, 0, 0, 38, 38, 1, 0.05%, 0, 0, 2, 11.92
1630397118, 0, 0, 39, 39, 1, 0.05%, 0, 0, 2, 12.68
1630397134, 0, 0, 42, 42, 1, 0.05%, 0, 0, 2, 13.02
1630397139, 0, 0, 43, 43, 1, 0.05%, 0, 0, 2, 13.14
1630397144, 0, 0, 44, 44, 1, 0.05%, 0, 0, 2, 26.76
1630397180, 0, 0, 45, 45, 1, 0.05%, 0, 0, 2, 23.91
1630397185, 0, 0, 46, 46, 1, 0.05%, 0, 0, 2, 15.13
1630397216, 0, 0, 47, 47, 1, 0.05%, 0, 0, 2, 12.41
1630397226, 0, 0, 50, 50, 1, 0.05%, 0, 0, 2, 89.18
1630397232, 0, 0, 52, 52, 1, 0.05%, 0, 0, 2, 12.08
1630397267, 0, 0, 53, 53, 1, 0.05%, 0, 0, 2, 16.04
1630397272, 0, 0, 54, 54, 1, 0.05%, 0, 0, 2, 13.19
1630397303, 0, 0, 55, 55, 1, 0.05%, 0, 0, 2, 16.22
1630397314, 0, 0, 56, 56, 1, 0.05%, 0, 0, 2, 15.00
1630397324, 0, 0, 59, 59, 1, 0.05%, 0, 0, 2, 15.77
1630397334, 0, 0, 62, 62, 1, 0.05%, 0, 0, 2, 18.80
1630397339, 0, 0, 64, 64, 1, 0.05%, 0, 0, 2, 19.75
1630397395, 0, 0, 67, 67, 1, 0.05%, 0, 0, 2, 19.62
1630397406, 0, 0, 69, 69, 1, 0.05%, 0, 0, 2, 63.43
1630397411, 0, 0, 75, 75, 1, 0.05%, 0, 0, 2, 67.99
1630397416, 0, 0, 77, 77, 1, 0.05%, 0, 0, 2, 12.08
1630397447, 0, 0, 78, 78, 1, 0.05%, 0, 0, 2, 12.08
1630397452, 0, 0, 79, 79, 1, 0.05%, 0, 0, 2, 12.11
1630397494, 0, 0, 80, 80, 1, 0.05%, 0, 0, 2, 12.16
1630397665, 0, 0, 81, 81, 1, 0.05%, 0, 0, 2, 18.40
1630397675, 0, 0, 82, 82, 1, 0.06%, 0, 0, 2, 23.77
1630397691, 0, 0, 83, 83, 1, 0.06%, 0, 0, 2, 12.26
1630397696, 0, 0, 84, 84, 1, 0.06%, 0, 0, 2, 12.12
1630397732, 0, 0, 85, 85, 1, 0.06%, 0, 0, 2, 12.17
1630397748, 0, 0, 86, 86, 1, 0.06%, 0, 0, 2, 12.20
1630397826, 0, 0, 87, 87, 1, 0.06%, 0, 0, 2, 12.22
1630397919, 0, 0, 88, 88, 1, 0.06%, 0, 0, 2, 104.25
1630397945, 0, 0, 95, 95, 1, 0.06%, 0, 0, 2, 24.82
1630397950, 0, 0, 99, 99, 1, 0.06%, 0, 0, 2, 37.00
1630398093, 0, 0, 100, 100, 1, 0.06%, 0, 0, 2, 11.72
1630398215, 0, 0, 103, 103, 1, 0.06%, 0, 0, 2, 140.26
1630398220, 0, 0, 112, 112, 1, 0.06%, 0, 0, 2, 81.99
1630398225, 0, 0, 116, 116, 1, 0.06%, 0, 0, 2, 15.74
1630398231, 0, 0, 119, 119, 1, 0.06%, 0, 0, 2, 34.63
1630398236, 0, 0, 120, 120, 1, 0.06%, 0, 0, 2, 40.44
1630398246, 0, 0, 121, 121, 1, 0.06%, 0, 0, 2, 27.38
1630398251, 0, 0, 122, 122, 1, 0.06%, 0, 0, 2, 33.75
1630398266, 0, 0, 123, 123, 1, 0.06%, 0, 0, 2, 49.51
1630398282, 0, 0, 124, 124, 1, 0.06%, 0, 0, 2, 85.95
1630398287, 0, 0, 127, 127, 1, 0.06%, 0, 0, 2, 93.29
1630398297, 0, 0, 128, 128, 1, 0.06%, 0, 0, 2, 83.83
1630398312, 0, 0, 130, 130, 1, 0.06%, 0, 0, 2, 68.55
1630398338, 0, 0, 131, 131, 1, 0.06%, 0, 0, 2, 14.63
1630398390, 0, 0, 132, 132, 1, 0.06%, 0, 0, 2, 12.34
1630398437, 0, 0, 133, 133, 1, 0.06%, 0, 0, 2, 12.82
1630398951, 0, 0, 137, 137, 1, 0.06%, 0, 0, 2, 65.14
1630398977, 0, 0, 138, 138, 1, 0.06%, 0, 0, 2, 12.19
1630399205, 0, 0, 139, 139, 1, 0.06%, 0, 0, 2, 12.22
1630399262, 0, 0, 140, 140, 1, 0.06%, 0, 0, 2, 12.26
1630399448, 0, 0, 141, 141, 1, 0.06%, 0, 0, 2, 14.32
1630399505, 0, 0, 142, 142, 1, 0.06%, 0, 0, 2, 12.10
1630399530, 0, 0, 143, 143, 1, 0.06%, 0, 0, 2, 217.38
1630399551, 0, 0, 145, 145, 1, 0.07%, 0, 0, 2, 59.81
1630399556, 0, 0, 146, 146, 1, 0.07%, 0, 0, 2, 49.98
1630399561, 0, 0, 149, 149, 1, 0.07%, 0, 0, 2, 36.90
1630399576, 0, 0, 150, 150, 1, 0.07%, 0, 0, 2, 20.06
1630399612, 0, 0, 152, 152, 1, 0.07%, 0, 0, 2, 23.94
1630399617, 0, 0, 153, 153, 1, 0.07%, 0, 0, 2, 24.83
1630399622, 0, 0, 154, 154, 1, 0.07%, 0, 0, 2, 17.30
1630399663, 0, 0, 155, 155, 1, 0.07%, 0, 0, 2, 20.40
1630400120, 0, 0, 156, 156, 1, 0.07%, 0, 0, 2, 17.49
1630400330, 0, 0, 160, 160, 1, 0.07%, 0, 0, 2, 6.04
1630400407, 0, 0, 161, 161, 1, 0.07%, 0, 0, 2, 68.47
1630400418, 0, 0, 162, 162, 1, 0.07%, 0, 0, 2, 68.04
1630400438, 0, 0, 163, 163, 1, 0.07%, 0, 0, 2, 67.26
1630400490, 0, 0, 164, 164, 1, 0.07%, 0, 0, 2, 14.10
1630400495, 0, 0, 165, 165, 1, 0.07%, 0, 0, 2, 12.58
1630400510, 0, 0, 166, 166, 1, 0.07%, 0, 0, 2, 12.87
1630400521, 0, 0, 167, 167, 1, 0.07%, 0, 0, 2, 12.17
1630400531, 0, 0, 168, 168, 1, 0.07%, 0, 0, 2, 11.97
1630403965, 0, 0, 169, 169, 1, 0.07%, 0, 0, 2, 65.41
1630404078, 0, 0, 170, 170, 1, 0.07%, 0, 0, 2, 12.15
1630407475, 0, 0, 171, 171, 1, 0.07%, 0, 0, 2, 82.34
1630407480, 0, 0, 180, 180, 1, 0.07%, 0, 0, 2, 34.66
1630407486, 0, 0, 186, 186, 1, 0.07%, 0, 0, 2, 57.61
1630407491, 0, 0, 192, 192, 1, 0.07%, 0, 0, 2, 72.92
1630407496, 0, 0, 195, 195, 1, 0.07%, 0, 0, 2, 72.66
1630407506, 0, 0, 196, 196, 1, 0.07%, 0, 0, 2, 79.90
1630407511, 0, 0, 199, 199, 1, 0.07%, 0, 0, 2, 83.92
1630407516, 0, 0, 200, 200, 1, 0.07%, 0, 0, 2, 25.30
1630407521, 0, 0, 201, 201, 1, 0.07%, 0, 0, 2, 56.61
1630407526, 0, 0, 202, 202, 1, 0.07%, 0, 0, 2, 57.32
1630407531, 0, 0, 205, 205, 1, 0.07%, 0, 0, 2, 48.65
1630407537, 0, 0, 207, 207, 1, 0.07%, 0, 0, 2, 62.02
1630407542, 0, 0, 209, 209, 1, 0.07%, 0, 0, 2, 61.66
1630407547, 0, 0, 210, 210, 1, 0.07%, 0, 0, 2, 65.70
1630407552, 0, 0, 213, 213, 1, 0.07%, 0, 0, 2, 58.20
1630407557, 0, 0, 215, 215, 1, 0.07%, 0, 0, 2, 66.04
1630407562, 0, 0, 218, 218, 1, 0.07%, 0, 0, 2, 63.95
1630407582, 0, 0, 219, 219, 1, 0.07%, 0, 0, 2, 60.65
1630407603, 0, 0, 221, 221, 1, 0.07%, 0, 0, 2, 17.92
1630407613, 0, 0, 222, 222, 1, 0.07%, 0, 0, 2, 64.13
1630407618, 0, 0, 223, 223, 1, 0.07%, 0, 0, 2, 60.02
1630407629, 0, 0, 224, 224, 1, 0.07%, 0, 0, 2, 66.56
1630407649, 0, 0, 225, 225, 1, 0.07%, 0, 0, 2, 37.82
1630407659, 0, 0, 226, 226, 1, 0.07%, 0, 0, 2, 61.13
1630407664, 0, 0, 228, 228, 1, 0.07%, 0, 0, 2, 61.85
1630407674, 0, 0, 229, 229, 1, 0.07%, 0, 0, 2, 72.05
1630407679, 0, 0, 230, 230, 1, 0.07%, 0, 0, 2, 83.66
1630407690, 0, 0, 231, 231, 1, 0.07%, 0, 0, 2, 69.37
1630407695, 0, 0, 232, 232, 1, 0.07%, 0, 0, 2, 68.37
1630407720, 0, 0, 233, 233, 1, 0.07%, 0, 0, 2, 64.54
1630407746, 0, 16, 233, 232, 66, 0.07%, 0, 0, 2, 74.78
1630409870, 0, 18, 233, 231, 65, 0.07%, 0, 0, 2, 88.77
1630409926, 0, 18, 234, 232, 65, 0.07%, 0, 0, 3, 68.01
1630410498, 0, 18, 235, 233, 65, 0.07%, 0, 0, 3, 65.44
1630412305, 0, 18, 237, 235, 65, 0.07%, 0, 0, 3, 113.60
1630412310, 0, 18, 238, 236, 65, 0.07%, 0, 0, 3, 118.68
1630412315, 0, 18, 239, 237, 65, 0.07%, 0, 0, 3, 116.16
1630412325, 0, 18, 240, 238, 65, 0.07%, 0, 0, 3, 118.51
1630412330, 0, 18, 241, 239, 65, 0.07%, 0, 0, 3, 115.83
1630412340, 0, 18, 242, 240, 65, 0.07%, 0, 0, 3, 114.89
1630412386, 0, 18, 243, 241, 65, 0.07%, 0, 0, 3, 119.32
1630412411, 0, 18, 245, 243, 65, 0.07%, 0, 0, 3, 113.41
1630412436, 0, 19, 245, 242, 67, 0.07%, 0, 0, 3, 102.71
1630414591, 0, 20, 245, 241, 66, 0.07%, 0, 0, 3, 108.94
1630416721, 0, 22, 245, 240, 65, 0.07%, 0, 0, 3, 85.39
1630417270, 0, 22, 246, 241, 65, 0.07%, 0, 0, 3, 65.33
1630419120, 0, 22, 247, 242, 65, 0.07%, 0, 0, 3, 111.12
1630419125, 0, 23, 247, 241, 65, 0.07%, 0, 0, 3, 15.81
1630419140, 0, 23, 248, 242, 65, 0.07%, 0, 0, 3, 26.21
1630419177, 0, 23, 249, 243, 65, 0.07%, 0, 0, 3, 44.39
1630421280, 0, 23, 250, 244, 65, 0.07%, 0, 0, 3, 12.95
1630429621, 0, 47, 250, 243, 65, 0.07%, 0, 0, 3, 78.19
1630429662, 0, 47, 251, 244, 65, 0.07%, 0, 0, 3, 69.06
1630431717, 0, 47, 252, 245, 65, 0.07%, 0, 0, 3, 120.63
1630431722, 0, 48, 252, 244, 65, 0.07%, 0, 0, 3, 99.68
1630432455, 0, 48, 253, 245, 65, 0.07%, 0, 0, 3, 68.35
1630432475, 0, 48, 254, 246, 65, 0.07%, 0, 0, 3, 68.34
1630433834, 0, 50, 254, 245, 64, 0.07%, 0, 0, 3, 103.54
1630433875, 0, 50, 255, 246, 64, 0.07%, 0, 0, 3, 67.40
1630433981, 0, 50, 256, 247, 64, 0.07%, 0, 0, 3, 82.37
1630434422, 0, 50, 257, 248, 64, 0.07%, 0, 0, 3, 71.53
1630436079, 0, 50, 258, 249, 64, 0.07%, 0, 0, 3, 116.07
1630436084, 0, 60, 258, 248, 63, 0.07%, 0, 0, 3, 120.41
1630436105, 0, 60, 259, 249, 63, 0.07%, 0, 0, 3, 185.58
1630436110, 0, 61, 259, 248, 62, 0.07%, 0, 0, 3, 16.25
1630446468, 0, 62, 259, 247, 61, 0.07%, 0, 0, 3, 73.15
1630447115, 0, 62, 260, 248, 61, 0.07%, 0, 0, 3, 69.85
1630447151, 0, 62, 261, 249, 61, 0.07%, 0, 0, 3, 68.97
1630448836, 0, 65, 261, 248, 61, 0.07%, 0, 0, 3, 96.69
1630450260, 0, 65, 262, 249, 61, 0.07%, 0, 0, 3, 5.75
1630452973, 0, 65, 263, 250, 61, 0.07%, 0, 0, 3, 91.68
1630452983, 0, 69, 263, 249, 61, 0.07%, 0, 0, 3, 94.07
1630455075, 0, 71, 263, 248, 60, 0.07%, 0, 0, 3, 88.23
1630457178, 0, 74, 263, 247, 59, 0.07%, 0, 0, 3, 124.04
1630457481, 0, 75, 263, 246, 58, 0.07%, 0, 0, 3, 26.01
1630460882, 0, 75, 264, 247, 58, 0.07%, 0, 0, 3, 12.17
1630460887, 0, 75, 266, 249, 58, 0.07%, 0, 0, 3, 13.17
1630460892, 0, 75, 267, 250, 58, 0.07%, 0, 0, 3, 12.35
1630460897, 0, 75, 269, 252, 58, 0.07%, 0, 0, 3, 12.08
1630460908, 0, 75, 270, 253, 58, 0.08%, 0, 0, 3, 12.23
1630460913, 0, 75, 271, 254, 58, 0.08%, 0, 0, 3, 12.29
1630460918, 0, 75, 272, 255, 58, 0.08%, 0, 0, 3, 12.18
1630467946, 0, 76, 272, 254, 64, 0.08%, 0, 0, 3, 21.77
1630468628, 0, 76, 273, 255, 64, 0.08%, 0, 0, 3, 12.22
1630471336, 0, 76, 274, 256, 64, 0.08%, 0, 0, 3, 14.16
1630478325, 0, 76, 275, 257, 64, 0.08%, 0, 0, 3, 70.26
1630478335, 0, 76, 276, 258, 64, 0.08%, 0, 0, 3, 86.35
1630478341, 0, 76, 277, 259, 64, 0.08%, 0, 0, 3, 70.32
1630478366, 0, 77, 277, 258, 66, 0.08%, 0, 0, 3, 16.12
