# unix_time, cycles_done, cur_path, paths_total, pending_total, pending_favs, map_size, unique_crashes, unique_hangs, max_depth, execs_per_sec
1619834960, 0, 0, 1, 1, 1, 0.75%, 0, 0, 1, 4.92
1619834965, 0, 0, 13, 13, 1, 1.46%, 1, 0, 2, 125.40
1619834970, 0, 0, 15, 15, 1, 1.46%, 1, 0, 2, 116.66
1619834980, 0, 0, 17, 17, 1, 1.50%, 1, 0, 2, 121.71
1619834985, 0, 0, 19, 19, 1, 1.50%, 1, 0, 2, 116.71
1619834991, 0, 0, 20, 20, 1, 1.50%, 1, 0, 2, 123.10
1619835001, 0, 0, 24, 24, 1, 1.52%, 1, 0, 2, 119.50
1619835016, 0, 0, 25, 25, 1, 1.52%, 1, 0, 2, 120.33
1619835021, 0, 0, 27, 27, 1, 1.52%, 1, 0, 2, 142.74
1619835026, 0, 0, 30, 30, 1, 1.52%, 1, 0, 2, 122.22
1619835031, 0, 0, 33, 33, 1, 1.52%, 1, 0, 2, 122.04
1619835036, 0, 0, 34, 34, 1, 1.52%, 1, 0, 2, 124.62
1619835041, 0, 0, 35, 35, 1, 1.52%, 1, 0, 2, 118.42
1619835056, 0, 0, 37, 37, 1, 1.52%, 1, 0, 2, 120.18
1619835061, 0, 0, 38, 38, 1, 1.52%, 1, 0, 2, 117.85
1619835066, 0, 0, 39, 39, 1, 1.52%, 1, 0, 2, 123.52
1619835076, 0, 0, 47, 47, 1, 1.53%, 1, 0, 2, 124.41
1619835107, 0, 0, 49, 49, 1, 1.53%, 1, 0, 2, 136.79
1619835147, 0, 0, 50, 50, 1, 1.54%, 1, 0, 2, 175.46
1619835152, 0, 0, 63, 63, 1, 1.55%, 1, 0, 2, 143.68
1619835158, 0, 0, 65, 65, 1, 1.55%, 1, 0, 2, 142.22
1619835168, 0, 0, 66, 66, 1, 1.55%, 1, 0, 2, 154.08
1619835178, 0, 0, 70, 70, 1, 1.55%, 1, 0, 2, 123.85
1619835275, 0, 0, 71, 71, 1, 1.55%, 1, 0, 2, 112.98
1619835280, 0, 0, 72, 72, 1, 1.55%, 1, 0, 2, 109.44
1619835412, 0, 0, 73, 73, 1, 1.55%, 1, 0, 2, 116.87
1619835452, 0, 0, 75, 75, 1, 1.55%, 1, 0, 2, 258.76
1619835458, 0, 0, 76, 76, 1, 1.55%, 1, 0, 2, 255.94
1619835468, 0, 0, 78, 78, 1, 1.55%, 1, 0, 2, 131.84
1619835488, 0, 0, 79, 79, 1, 1.55%, 1, 0, 2, 118.69
1619835493, 0, 0, 80, 80, 1, 1.55%, 1, 0, 2, 116.55
1619835503, 0, 0, 81, 81, 1, 1.56%, 1, 0, 2, 123.15
1619835524, 0, 0, 82, 82, 1, 1.56%, 1, 0, 2, 116.72
1619835534, 0, 0, 83, 83, 1, 1.62%, 1, 0, 2, 114.84
1619835549, 0, 0, 85, 85, 1, 1.62%, 1, 0, 2, 114.09
1619835869, 0, 0, 87, 87, 1, 1.69%, 1, 0, 2, 152.77
1619835874, 0, 0, 89, 89, 1, 1.72%, 1, 0, 2, 150.25
1619836418, 0, 0, 90, 90, 1, 1.72%, 1, 0, 2, 110.20
1619836423, 0, 0, 92, 92, 1, 1.72%, 1, 0, 2, 114.36
1619836428, 0, 0, 93, 93, 1, 1.72%, 1, 0, 2, 118.74
1619843349, 0, 0, 94, 94, 1, 1.73%, 1, 0, 2, 111.40
1619843354, 0, 0, 95, 95, 1, 1.73%, 1, 0, 2, 109.26
1619843436, 0, 0, 96, 96, 1, 1.73%, 1, 0, 2, 117.13
1619843441, 0, 0, 104, 104, 1, 1.73%, 2, 0, 2, 136.72
1619843446, 0, 0, 105, 105, 1, 1.73%, 2, 0, 2, 140.33
1619843451, 0, 0, 106, 106, 1, 1.73%, 2, 0, 2, 145.55
1619843456, 0, 0, 107, 107, 1, 1.73%, 2, 0, 2, 143.98
1619843466, 0, 0, 109, 109, 1, 1.73%, 2, 0, 2, 145.22
1619843471, 0, 0, 110, 110, 1, 1.73%, 2, 0, 2, 144.80
1619843476, 0, 0, 111, 111, 1, 1.73%, 2, 0, 2, 148.99
1619843491, 0, 0, 113, 113, 1, 1.73%, 2, 0, 2, 151.36
1619843502, 0, 0, 115, 115, 1, 1.73%, 2, 0, 2, 140.93
1619843552, 0, 6, 115, 114, 24, 1.73%, 2, 0, 2, 121.85
1619852041, 0, 6, 116, 115, 24, 1.73%, 2, 0, 3, 121.06
1619852051, 0, 11, 116, 114, 23, 1.73%, 2, 0, 3, 125.19
1619852071, 0, 11, 117, 115, 23, 1.74%, 2, 0, 3, 127.51
1619852279, 0, 11, 118, 116, 23, 1.74%, 2, 0, 3, 119.61
1619852284, 0, 11, 119, 117, 23, 1.74%, 2, 0, 3, 113.16
1619852584, 0, 11, 120, 118, 23, 1.81%, 2, 0, 3, 122.43
1619860577, 0, 22, 120, 117, 24, 1.81%, 2, 0, 3, 135.83
1619869067, 0, 27, 120, 116, 23, 1.81%, 2, 0, 3, 153.03
1619869148, 0, 27, 121, 117, 23, 1.81%, 2, 0, 3, 140.30
1619869265, 0, 29, 121, 116, 23, 1.81%, 2, 0, 3, 189.49
1619869280, 0, 29, 122, 117, 23, 1.81%, 2, 0, 3, 177.82
1619869357, 0, 29, 123, 118, 23, 1.81%, 2, 0, 3, 129.51
1619869610, 0, 29, 125, 120, 23, 1.81%, 2, 0, 3, 154.57
1619869615, 0, 29, 126, 121, 23, 1.81%, 2, 0, 3, 152.01
1619869651, 0, 30, 126, 120, 23, 1.81%, 2, 0, 3, 155.39
1619870702, 0, 30, 127, 121, 23, 1.82%, 2, 0, 3, 116.74
1619878186, 0, 30, 128, 122, 23, 1.82%, 2, 0, 3, 123.17
1619878196, 0, 33, 128, 121, 23, 1.82%, 2, 0, 3, 130.55
1619878694, 0, 33, 129, 122, 23, 1.82%, 2, 0, 3, 155.06
1619879293, 0, 39, 129, 121, 22, 1.82%, 2, 0, 3, 171.52
1619879704, 0, 44, 129, 120, 21, 1.82%, 2, 0, 3, 145.49
1619888262, 0, 46, 129, 119, 20, 1.82%, 2, 0, 3, 125.84
1619896827, 0, 59, 129, 118, 19, 1.82%, 2, 0, 3, 137.03
1619896903, 0, 59, 130, 119, 19, 1.82%, 2, 0, 3, 139.55
1619896984, 0, 59, 131, 120, 19, 1.83%, 2, 0, 3, 119.49
1619897106, 0, 59, 132, 121, 19, 1.83%, 2, 0, 3, 140.39
1619897183, 0, 59, 133, 122, 19, 1.83%, 2, 0, 3, 139.03
1619897900, 0, 59, 134, 123, 19, 1.83%, 2, 0, 3, 144.05
1619897926, 0, 59, 135, 124, 19, 1.83%, 2, 0, 3, 142.40
1619898048, 0, 65, 136, 124, 18, 1.83%, 2, 0, 3, 171.08
1619899208, 0, 65, 137, 125, 18, 1.83%, 2, 0, 3, 152.03
1619904456, 0, 82, 137, 124, 17, 1.83%, 2, 0, 3, 159.22
1619904491, 0, 82, 138, 125, 17, 1.83%, 2, 0, 3, 203.22
1619905034, 0, 87, 138, 124, 16, 1.83%, 2, 0, 3, 170.65
1619905064, 0, 87, 139, 125, 16, 1.83%, 2, 0, 3, 152.99
1619905095, 0, 87, 143, 129, 16, 1.84%, 2, 0, 3, 158.92
1619905217, 0, 87, 144, 130, 16, 1.84%, 2, 0, 3, 148.63
1619906109, 0, 87, 145, 131, 16, 1.84%, 2, 0, 3, 157.59
1619906119, 0, 87, 146, 132, 16, 1.84%, 2, 0, 3, 139.18
1619906566, 0, 87, 147, 133, 16, 1.84%, 2, 0, 3, 149.56
1619906571, 0, 87, 148, 134, 16, 1.84%, 2, 0, 3, 151.57
1619911861, 0, 87, 149, 135, 16, 1.84%, 2, 0, 3, 166.00
1619911866, 0, 90, 150, 135, 20, 1.84%, 2, 0, 3, 142.16
1619912202, 0, 90, 151, 136, 20, 1.84%, 2, 0, 3, 119.59
1619912334, 0, 90, 152, 137, 20, 1.84%, 2, 0, 3, 113.98
1619920907, 0, 93, 152, 136, 20, 1.84%, 2, 0, 3, 131.68
1619921009, 0, 93, 153, 137, 20, 1.84%, 2, 0, 3, 132.13
1619921106, 0, 93, 154, 138, 20, 1.84%, 2, 0, 3, 129.34
1619921260, 0, 93, 155, 139, 20, 1.84%, 2, 0, 3, 127.27
1619922273, 0, 93, 156, 140, 20, 1.84%, 2, 0, 3, 127.09
1619928696, 0, 93, 157, 141, 20, 1.86%, 2, 0, 3, 126.39
1619928717, 0, 93, 159, 143, 20, 1.87%, 2, 0, 3, 130.59
1619928722, 0, 93, 163, 147, 20, 1.87%, 2, 0, 3, 134.04
1619928747, 0, 93, 164, 148, 20, 1.87%, 2, 0, 3, 129.31
1619928788, 0, 94, 164, 147, 21, 1.87%, 2, 0, 3, 126.87
1619929104, 0, 94, 165, 148, 21, 1.87%, 2, 0, 3, 112.86
1619929748, 0, 94, 166, 149, 21, 1.87%, 2, 0, 3, 134.54
