# unix_time, cycles_done, cur_path, paths_total, pending_total, pending_favs, map_size, unique_crashes, unique_hangs, max_depth, execs_per_sec
1636270412, 0, 0, 1, 1, 1, 0.77%, 0, 0, 1, 33.47
1636270417, 0, 0, 5, 5, 1, 0.80%, 0, 0, 2, 55.37
1636270423, 0, 0, 7, 7, 1, 0.80%, 0, 0, 2, 284.31
1636270433, 0, 0, 8, 8, 1, 0.81%, 0, 0, 2, 53.68
1636270443, 0, 0, 9, 9, 1, 0.81%, 0, 0, 2, 58.62
1636270448, 0, 0, 10, 10, 1, 0.81%, 0, 0, 2, 86.10
1636270453, 0, 0, 11, 11, 1, 0.81%, 0, 0, 2, 61.74
1636270463, 0, 0, 12, 12, 1, 0.81%, 0, 0, 2, 55.65
1636270473, 0, 0, 13, 13, 1, 0.81%, 0, 0, 2, 53.27
1636270524, 0, 0, 14, 14, 1, 0.82%, 0, 0, 2, 57.49
1636270600, 0, 0, 15, 15, 1, 0.82%, 0, 0, 2, 2159.86
1636270605, 0, 0, 23, 23, 1, 0.85%, 0, 0, 2, 60.24
1636270635, 0, 0, 25, 25, 1, 0.86%, 0, 0, 2, 56.22
1636270757, 0, 0, 28, 28, 1, 0.86%, 0, 0, 2, 464.91
1636270762, 0, 0, 41, 41, 1, 1.20%, 1, 0, 2, 476.62
1636270767, 0, 0, 60, 60, 1, 1.55%, 2, 0, 2, 323.76
1636270772, 0, 0, 76, 76, 1, 1.80%, 2, 0, 2, 342.51
1636270777, 0, 0, 77, 77, 1, 1.80%, 2, 0, 2, 55.60
1636271123, 0, 0, 78, 78, 1, 1.80%, 2, 0, 2, 56.46
1636271128, 0, 0, 79, 79, 1, 1.81%, 2, 0, 2, 56.22
1636271133, 0, 0, 80, 80, 1, 1.82%, 2, 0, 2, 57.37
1636273987, 0, 0, 81, 81, 1, 1.82%, 2, 0, 2, 53.92
1636274156, 0, 1, 81, 80, 38, 1.82%, 2, 0, 2, 2174.27
1636274176, 0, 2, 81, 79, 37, 1.82%, 2, 0, 2, 2474.49
1636274181, 0, 3, 81, 78, 36, 1.82%, 2, 0, 2, 1496.24
1636274354, 0, 5, 81, 77, 35, 1.82%, 2, 0, 2, 93.63
1636274704, 0, 5, 82, 78, 35, 1.82%, 3, 0, 3, 303.81
1636278077, 0, 7, 83, 78, 35, 1.82%, 3, 0, 3, 1886.89
1636278082, 0, 7, 85, 80, 35, 1.82%, 3, 0, 3, 2010.90
1636278102, 0, 9, 85, 79, 32, 1.82%, 3, 0, 3, 83.58
1636278519, 0, 9, 88, 82, 32, 1.83%, 4, 0, 3, 124.57
1636282671, 0, 18, 88, 81, 32, 1.83%, 4, 0, 3, 596.66
1636282696, 0, 18, 90, 83, 32, 1.83%, 4, 0, 3, 829.66
1636282706, 0, 18, 93, 86, 32, 1.83%, 4, 0, 3, 459.44
1636282727, 0, 18, 94, 87, 32, 1.83%, 4, 0, 3, 440.85
1636282911, 0, 20, 94, 86, 33, 1.83%, 4, 0, 3, 663.95
1636282936, 0, 20, 95, 87, 33, 1.83%, 4, 0, 3, 543.77
1636283054, 0, 23, 95, 86, 32, 1.83%, 4, 0, 3, 55.40
1636283342, 0, 23, 96, 87, 32, 1.83%, 4, 0, 3, 55.05
1636283398, 0, 23, 96, 87, 32, 1.83%, 5, 0, 3, 232.25
1636286789, 0, 24, 96, 86, 31, 1.83%, 5, 0, 3, 64.57
1636287129, 0, 24, 96, 86, 31, 1.83%, 6, 0, 3, 425.00
1636287511, 0, 24, 97, 87, 31, 1.83%, 6, 0, 3, 56.90
1636290505, 0, 26, 97, 86, 30, 1.83%, 6, 0, 3, 77.66
1636294378, 0, 27, 97, 85, 29, 1.83%, 6, 0, 3, 88.58
1636294685, 0, 30, 97, 84, 28, 1.83%, 6, 0, 3, 959.45
1636294715, 0, 30, 98, 85, 28, 1.83%, 6, 0, 3, 396.93
1636294858, 0, 34, 98, 84, 27, 1.83%, 6, 0, 3, 78.94
1636295904, 0, 39, 99, 84, 26, 1.83%, 6, 0, 3, 301.20
1636295944, 0, 39, 102, 87, 26, 1.84%, 6, 0, 3, 890.41
1636295949, 0, 39, 103, 88, 26, 1.84%, 6, 0, 3, 558.01
1636295955, 0, 39, 105, 90, 26, 1.84%, 7, 0, 3, 488.24
1636296293, 0, 40, 105, 89, 28, 1.84%, 7, 0, 3, 427.76
1636296411, 0, 40, 107, 91, 28, 1.85%, 7, 0, 3, 430.32
1636296944, 0, 41, 107, 90, 29, 1.85%, 7, 0, 3, 318.82
1636297026, 0, 41, 108, 91, 29, 1.85%, 7, 0, 3, 339.90
1636297794, 0, 42, 109, 91, 28, 1.85%, 7, 0, 3, 289.43
1636297824, 0, 42, 110, 92, 28, 1.85%, 7, 0, 3, 234.03
1636297901, 0, 42, 111, 93, 28, 1.85%, 7, 0, 3, 426.66
1636297916, 0, 42, 112, 94, 28, 1.85%, 7, 0, 3, 72.15
1636297947, 0, 42, 113, 95, 28, 1.85%, 7, 0, 3, 65.17
1636297957, 0, 42, 114, 96, 28, 1.85%, 7, 0, 3, 119.36
1636298389, 0, 43, 114, 95, 29, 1.85%, 7, 0, 3, 311.03
1636298460, 0, 43, 114, 95, 29, 1.85%, 8, 0, 3, 309.73
1636299064, 0, 45, 114, 94, 28, 1.85%, 8, 0, 3, 187.54
1636299305, 0, 45, 114, 94, 28, 1.85%, 9, 0, 3, 306.38
1636299392, 0, 45, 115, 95, 28, 1.85%, 9, 0, 3, 459.01
1636301480, 0, 47, 115, 94, 27, 1.85%, 9, 0, 3, 615.52
1636301603, 0, 47, 118, 97, 27, 2.13%, 9, 0, 3, 411.86
1636301608, 0, 47, 119, 98, 27, 2.13%, 9, 0, 3, 425.52
1636301872, 0, 48, 119, 97, 29, 2.13%, 9, 0, 3, 315.75
1636302632, 0, 49, 119, 96, 28, 2.13%, 9, 0, 3, 134.01
1636303041, 0, 49, 119, 96, 28, 2.13%, 10, 0, 3, 356.87
1636306537, 0, 51, 119, 95, 27, 2.13%, 10, 0, 3, 73.95
1636309666, 0, 63, 119, 94, 26, 2.13%, 10, 0, 3, 275.43
1636310255, 0, 65, 119, 93, 25, 2.13%, 10, 0, 3, 75.82
1636313593, 0, 66, 119, 92, 24, 2.13%, 10, 0, 3, 142.79
1636314549, 0, 66, 120, 93, 24, 2.13%, 10, 0, 3, 39.23
1636316923, 0, 70, 120, 92, 23, 2.13%, 10, 0, 3, 509.47
1636316928, 0, 70, 121, 93, 23, 2.21%, 10, 0, 3, 482.85
1636317111, 0, 70, 122, 94, 23, 2.21%, 10, 0, 3, 401.71
1636317425, 0, 71, 122, 93, 23, 2.21%, 10, 0, 3, 447.18
1636319897, 0, 72, 122, 92, 22, 2.21%, 10, 0, 3, 368.92
1636319933, 0, 72, 122, 92, 22, 2.21%, 10, 1, 3, 850.57
1636320127, 0, 72, 136, 106, 22, 3.65%, 11, 1, 3, 261.55
1636320132, 0, 72, 140, 110, 22, 3.80%, 11, 1, 3, 196.17
1636320532, 0, 77, 140, 109, 39, 3.80%, 11, 1, 3, 61.45
1636320779, 0, 77, 141, 110, 39, 3.80%, 11, 1, 3, 55.05
1636320795, 0, 77, 141, 110, 39, 3.80%, 12, 1, 3, 357.57
1636321766, 0, 77, 142, 111, 39, 3.98%, 12, 1, 3, 54.57
1636323502, 0, 78, 142, 110, 39, 3.98%, 12, 1, 3, 78.56
1636323810, 0, 78, 142, 110, 39, 3.98%, 13, 1, 3, 268.19
1636324939, 0, 78, 143, 111, 39, 3.99%, 13, 1, 3, 54.89
1636325088, 0, 78, 144, 112, 39, 3.99%, 13, 1, 3, 56.14
1636326870, 0, 79, 145, 112, 39, 3.99%, 13, 1, 3, 95.09
1636327142, 0, 79, 146, 113, 39, 3.99%, 13, 1, 3, 55.74
1636327167, 0, 79, 146, 113, 39, 3.99%, 14, 1, 3, 116.86
1636330095, 0, 80, 146, 112, 38, 3.99%, 14, 1, 3, 85.19
1636330408, 0, 80, 146, 112, 38, 3.99%, 15, 1, 3, 367.48
1636333486, 0, 83, 146, 111, 37, 3.99%, 15, 1, 3, 597.22
1636333532, 0, 85, 146, 110, 36, 3.99%, 15, 1, 3, 726.48
1636333653, 0, 86, 146, 109, 34, 3.99%, 15, 1, 3, 472.27
1636333852, 0, 92, 146, 108, 33, 3.99%, 15, 1, 3, 634.95
1636334030, 0, 93, 146, 107, 32, 3.99%, 15, 1, 3, 863.52
1636334183, 0, 100, 146, 106, 31, 3.99%, 15, 1, 3, 746.04
1636334234, 0, 100, 146, 106, 31, 3.99%, 15, 2, 3, 21.08
1636334652, 0, 101, 146, 105, 30, 3.99%, 15, 2, 3, 543.17
1636334707, 0, 101, 146, 105, 30, 3.99%, 16, 2, 3, 324.81
1636335186, 0, 102, 146, 104, 29, 3.99%, 16, 2, 3, 540.59
1636335333, 0, 102, 146, 104, 29, 3.99%, 16, 3, 3, 162.36
1636335821, 0, 105, 146, 103, 28, 3.99%, 16, 3, 3, 440.63
1636335964, 0, 105, 146, 103, 28, 3.99%, 16, 4, 3, 37.77
1636336368, 0, 106, 148, 104, 27, 3.99%, 16, 4, 4, 429.02
1636336526, 0, 106, 148, 104, 27, 3.99%, 16, 5, 4, 303.27
1636336945, 0, 108, 148, 103, 26, 3.99%, 16, 5, 4, 341.79
1636336981, 0, 108, 149, 104, 26, 4.02%, 16, 5, 4, 242.71
1636337577, 0, 115, 149, 103, 26, 4.02%, 16, 5, 4, 223.64
1636338719, 0, 116, 149, 102, 25, 4.02%, 16, 5, 4, 716.80
1636339659, 0, 117, 149, 101, 24, 4.02%, 16, 5, 4, 331.86
1636340274, 0, 120, 149, 100, 23, 4.02%, 16, 5, 4, 444.59
1636340798, 0, 122, 150, 100, 22, 4.02%, 16, 5, 4, 445.19
1636341078, 0, 122, 150, 100, 22, 4.02%, 17, 5, 4, 216.47
1636341689, 0, 123, 150, 99, 21, 4.02%, 17, 5, 4, 319.66
1636343599, 0, 124, 150, 98, 20, 4.02%, 17, 5, 4, 380.27
1636344420, 0, 125, 150, 97, 19, 4.02%, 17, 5, 4, 381.81
1636345574, 0, 126, 150, 96, 18, 4.02%, 17, 5, 4, 217.97
1636346868, 0, 127, 150, 95, 17, 4.02%, 17, 5, 4, 266.19
1636347900, 0, 128, 150, 94, 16, 4.02%, 17, 5, 4, 138.50
1636350014, 0, 129, 150, 93, 15, 4.02%, 17, 5, 4, 359.64
1636351056, 0, 130, 150, 92, 14, 4.02%, 17, 5, 4, 48.77
1636353803, 0, 131, 150, 91, 13, 4.02%, 17, 5, 4, 519.57
1636354616, 0, 132, 150, 90, 12, 4.02%, 17, 5, 4, 351.65
1636355964, 0, 133, 150, 89, 11, 4.02%, 17, 5, 4, 223.18
1636357451, 0, 134, 150, 88, 10, 4.02%, 17, 5, 4, 286.46
1636358387, 0, 135, 150, 87, 9, 4.02%, 17, 5, 4, 33.51
