# unix_time, cycles_done, cur_path, paths_total, pending_total, pending_favs, map_size, unique_crashes, unique_hangs, max_depth, execs_per_sec
1629351250, 0, 0, 1, 1, 1, 0.47%, 0, 0, 1, 5.33
1629351255, 0, 0, 14, 14, 1, 0.79%, 0, 0, 2, 600.85
1629351260, 0, 0, 29, 29, 1, 0.86%, 0, 0, 2, 383.25
1629351265, 0, 0, 35, 35, 1, 0.87%, 0, 0, 2, 243.62
1629351271, 0, 0, 36, 36, 1, 0.87%, 0, 0, 2, 200.40
1629351276, 0, 0, 41, 41, 1, 0.91%, 0, 0, 2, 139.23
1629351281, 0, 0, 44, 44, 1, 0.91%, 0, 0, 2, 114.59
1629351286, 0, 0, 45, 45, 1, 0.91%, 0, 0, 2, 104.97
1629351296, 0, 0, 46, 46, 1, 0.91%, 0, 0, 2, 98.24
1629351311, 0, 0, 47, 47, 1, 0.92%, 0, 0, 2, 95.88
1629351316, 0, 0, 48, 48, 1, 0.92%, 0, 0, 2, 110.12
1629351321, 0, 0, 49, 49, 1, 0.92%, 0, 0, 2, 92.96
1629351326, 0, 0, 52, 52, 1, 0.93%, 0, 0, 2, 99.75
1629351331, 0, 0, 54, 54, 1, 0.93%, 0, 0, 2, 111.54
1629351337, 0, 0, 55, 55, 1, 0.93%, 0, 0, 2, 107.39
1629351357, 0, 0, 58, 58, 1, 0.94%, 0, 0, 2, 120.29
1629351398, 0, 0, 63, 63, 1, 0.94%, 0, 0, 2, 149.78
1629351403, 0, 0, 73, 73, 1, 0.95%, 0, 0, 2, 114.34
1629351423, 0, 0, 75, 75, 1, 0.95%, 0, 0, 2, 112.71
1629351509, 0, 0, 77, 77, 1, 0.97%, 0, 0, 2, 96.16
1629351519, 0, 0, 78, 78, 1, 0.97%, 0, 0, 2, 98.69
1629351550, 0, 0, 80, 80, 1, 0.97%, 0, 0, 2, 85.95
1629351570, 0, 0, 81, 81, 1, 0.97%, 0, 0, 2, 93.56
1629351580, 0, 0, 82, 82, 1, 0.97%, 0, 0, 2, 81.82
1629351585, 0, 0, 83, 83, 1, 0.97%, 0, 0, 2, 78.05
1629351590, 0, 0, 84, 84, 1, 1.01%, 0, 0, 2, 98.82
1629351606, 0, 0, 85, 85, 1, 1.01%, 0, 0, 2, 179.49
1629351621, 0, 0, 86, 86, 1, 1.01%, 0, 0, 2, 163.25
1629351626, 0, 0, 94, 94, 1, 1.02%, 1, 0, 2, 117.80
1629351631, 0, 0, 101, 101, 1, 1.07%, 1, 0, 2, 110.34
1629351636, 0, 0, 103, 103, 1, 1.07%, 1, 0, 2, 106.76
1629351641, 0, 0, 104, 104, 1, 1.07%, 1, 0, 2, 108.87
1629351647, 0, 0, 105, 105, 1, 1.07%, 1, 0, 2, 106.69
1629351718, 0, 0, 108, 108, 1, 1.08%, 1, 0, 2, 106.91
1629351835, 0, 0, 110, 110, 1, 1.08%, 1, 0, 2, 111.26
1629352312, 0, 0, 111, 111, 1, 1.08%, 1, 0, 2, 80.80
1629352489, 0, 0, 112, 112, 1, 1.08%, 1, 0, 2, 76.16
1629352682, 0, 0, 120, 120, 1, 1.08%, 1, 0, 2, 127.15
1629352687, 0, 0, 121, 121, 1, 1.08%, 1, 0, 2, 144.50
1629352692, 0, 0, 123, 123, 1, 1.08%, 1, 0, 2, 138.62
1629352702, 0, 0, 126, 126, 1, 1.08%, 1, 0, 2, 135.78
1629352707, 0, 0, 127, 127, 1, 1.08%, 1, 0, 2, 139.61
1629352722, 0, 0, 130, 130, 1, 1.08%, 1, 0, 2, 132.44
1629352748, 0, 0, 131, 131, 1, 1.08%, 1, 0, 2, 133.10
1629352753, 0, 0, 133, 133, 1, 1.08%, 1, 0, 2, 140.96
1629352779, 0, 0, 134, 134, 1, 1.08%, 1, 0, 2, 135.91
1629352784, 0, 0, 136, 136, 1, 1.08%, 1, 0, 2, 138.57
1629352789, 0, 0, 137, 137, 1, 1.08%, 1, 0, 2, 142.42
1629352794, 0, 0, 138, 138, 1, 1.08%, 1, 0, 2, 136.47
1629352829, 0, 0, 139, 139, 1, 1.08%, 1, 0, 2, 139.32
1629352844, 0, 0, 141, 141, 1, 1.08%, 1, 0, 2, 145.05
1629352850, 0, 0, 142, 142, 1, 1.08%, 1, 0, 2, 144.14
1629352855, 0, 0, 144, 144, 1, 1.08%, 1, 0, 2, 141.04
1629352880, 0, 0, 145, 145, 1, 1.08%, 1, 0, 2, 136.13
1629352885, 0, 0, 147, 147, 1, 1.08%, 1, 0, 2, 151.99
1629352900, 0, 0, 149, 149, 1, 1.08%, 1, 0, 2, 141.15
1629352915, 0, 1, 149, 148, 55, 1.08%, 1, 0, 2, 151.56
1629353061, 0, 1, 150, 149, 55, 1.08%, 1, 0, 3, 157.02
1629353081, 0, 2, 150, 148, 53, 1.08%, 1, 0, 3, 205.03
1629353234, 0, 2, 151, 149, 53, 1.08%, 1, 0, 3, 184.36
1629353449, 0, 2, 152, 150, 53, 1.13%, 1, 0, 3, 1.67
1629354493, 0, 2, 153, 151, 53, 1.13%, 1, 0, 3, 152.77
1629354513, 0, 3, 153, 150, 54, 1.13%, 1, 0, 3, 164.15
1629354874, 0, 3, 153, 150, 54, 1.13%, 2, 0, 3, 130.32
1629354880, 0, 3, 154, 151, 54, 1.14%, 2, 0, 3, 108.88
1629355923, 0, 4, 156, 152, 53, 1.14%, 2, 0, 3, 138.36
1629355979, 0, 4, 158, 154, 53, 1.14%, 2, 0, 3, 116.83
1629355988, 0, 4, 159, 155, 53, 1.14%, 2, 0, 3, 0.89
1629356119, 0, 4, 160, 156, 53, 1.14%, 2, 0, 3, 181.98
1629356124, 0, 4, 161, 157, 53, 1.14%, 2, 0, 3, 216.29
1629356175, 0, 6, 161, 156, 53, 1.14%, 2, 0, 3, 173.08
1629356353, 0, 7, 161, 155, 52, 1.14%, 2, 0, 3, 148.74
1629356531, 0, 8, 161, 154, 51, 1.14%, 2, 0, 3, 168.78
1629356582, 0, 8, 161, 154, 51, 1.14%, 3, 0, 3, 134.78
1629356710, 0, 9, 161, 153, 50, 1.14%, 3, 0, 3, 167.90
1629356883, 0, 11, 161, 152, 49, 1.14%, 3, 0, 3, 198.05
1629357271, 0, 11, 161, 152, 49, 1.14%, 4, 0, 3, 119.60
1629358293, 0, 11, 163, 154, 49, 1.14%, 4, 0, 3, 126.27
1629358298, 0, 11, 164, 155, 49, 1.14%, 4, 0, 3, 136.19
1629358303, 0, 11, 165, 156, 49, 1.14%, 4, 0, 3, 148.67
1629358308, 0, 11, 166, 157, 49, 1.14%, 4, 0, 3, 140.51
1629358333, 0, 11, 167, 158, 49, 1.14%, 4, 0, 3, 146.93
1629358359, 0, 11, 168, 159, 49, 1.14%, 4, 0, 3, 135.77
1629358364, 0, 11, 169, 160, 49, 1.14%, 4, 0, 3, 137.90
1629358430, 0, 11, 170, 161, 49, 1.14%, 4, 0, 3, 150.65
1629358465, 0, 18, 170, 160, 47, 1.14%, 4, 0, 3, 98.77
1629358902, 0, 18, 171, 161, 47, 1.15%, 5, 0, 3, 109.40
1629360263, 0, 19, 171, 160, 47, 1.15%, 5, 0, 3, 120.27
1629360470, 0, 19, 172, 161, 47, 1.15%, 5, 0, 3, 92.21
1629362048, 0, 19, 173, 162, 47, 1.15%, 5, 0, 3, 133.83
1629362069, 0, 19, 174, 163, 47, 1.15%, 5, 0, 3, 139.78
1629362074, 0, 19, 175, 164, 47, 1.15%, 5, 0, 3, 146.40
1629362109, 0, 19, 177, 166, 47, 1.15%, 5, 0, 3, 135.03
1629362119, 0, 19, 178, 167, 47, 1.15%, 5, 0, 3, 136.30
1629362124, 0, 19, 179, 168, 47, 1.15%, 5, 0, 3, 131.60
1629362130, 0, 19, 180, 169, 47, 1.15%, 5, 0, 3, 129.83
1629362155, 0, 20, 180, 168, 47, 1.15%, 5, 0, 3, 123.21
1629363962, 0, 20, 181, 169, 47, 1.15%, 5, 0, 3, 138.98
1629364002, 0, 23, 181, 168, 46, 1.15%, 5, 0, 3, 118.59
1629365395, 0, 24, 181, 167, 45, 1.15%, 5, 0, 3, 117.50
1629365431, 0, 24, 182, 168, 45, 1.15%, 5, 0, 3, 128.32
1629365756, 0, 24, 182, 168, 45, 1.15%, 6, 0, 3, 113.94
1629366804, 0, 26, 182, 167, 46, 1.15%, 6, 0, 3, 141.35
1629366865, 0, 26, 183, 168, 46, 1.16%, 6, 0, 3, 113.48
1629366977, 0, 26, 184, 169, 46, 1.16%, 6, 0, 3, 204.89
1629367002, 0, 28, 184, 168, 45, 1.16%, 6, 0, 3, 161.34
1629367221, 0, 29, 184, 167, 45, 1.16%, 6, 0, 3, 149.78
1629368675, 0, 30, 184, 166, 44, 1.16%, 6, 0, 3, 131.73
1629368848, 0, 33, 184, 165, 43, 1.16%, 6, 0, 3, 184.00
1629369026, 0, 35, 184, 164, 42, 1.16%, 6, 0, 3, 135.07
1629369411, 0, 35, 184, 164, 42, 1.16%, 7, 0, 3, 129.52
1629370489, 0, 37, 184, 163, 41, 1.16%, 7, 0, 3, 120.11
1629370866, 0, 37, 185, 164, 41, 1.16%, 7, 0, 3, 112.45
1629371962, 0, 37, 186, 165, 41, 1.16%, 7, 0, 3, 145.02
1629371993, 0, 39, 186, 164, 39, 1.16%, 7, 0, 3, 139.61
1629371998, 0, 39, 188, 166, 39, 1.16%, 7, 0, 3, 130.47
1629372181, 0, 44, 188, 165, 39, 1.16%, 7, 0, 3, 168.35
1629372242, 0, 44, 189, 166, 39, 1.16%, 7, 0, 3, 106.78
1629372273, 0, 44, 190, 167, 39, 1.16%, 7, 0, 3, 99.02
1629372339, 0, 44, 191, 168, 39, 1.22%, 7, 0, 3, 174.64
1629372548, 0, 44, 191, 168, 39, 1.22%, 8, 0, 3, 143.99
1629373550, 0, 46, 191, 167, 39, 1.22%, 8, 0, 3, 145.05
1629374515, 0, 49, 191, 166, 38, 1.22%, 8, 0, 3, 135.93
1629374565, 0, 49, 191, 166, 38, 1.22%, 9, 0, 3, 134.39
1629374682, 0, 50, 191, 165, 37, 1.22%, 9, 0, 3, 162.86
1629374856, 0, 51, 191, 164, 36, 1.22%, 9, 0, 3, 149.55
1629375242, 0, 51, 191, 164, 36, 1.22%, 10, 0, 3, 114.42
1629376299, 0, 51, 192, 165, 36, 1.22%, 10, 0, 3, 130.66
1629376319, 0, 51, 193, 166, 36, 1.22%, 10, 0, 3, 144.33
1629376380, 0, 51, 195, 168, 36, 1.22%, 10, 0, 3, 138.10
1629376473, 0, 53, 195, 167, 35, 1.22%, 10, 0, 3, 128.20
1629376500, 0, 53, 196, 168, 35, 1.26%, 10, 0, 3, 1.31
1629376670, 0, 54, 196, 167, 35, 1.26%, 10, 0, 3, 200.59
1629376721, 0, 54, 197, 168, 35, 1.26%, 10, 0, 3, 106.97
1629376776, 0, 54, 198, 169, 35, 1.26%, 10, 0, 3, 109.09
1629377061, 0, 54, 198, 169, 35, 1.26%, 11, 0, 3, 114.97
1629378115, 0, 54, 199, 170, 35, 1.26%, 11, 0, 3, 118.02
1629378156, 0, 54, 200, 171, 35, 1.26%, 11, 0, 3, 136.84
1629378202, 0, 64, 200, 170, 34, 1.26%, 11, 0, 3, 135.02
1629378342, 0, 64, 201, 171, 34, 1.26%, 11, 0, 3, 0.55
1629378649, 0, 70, 201, 170, 33, 1.26%, 11, 0, 3, 148.63
1629378765, 0, 70, 202, 171, 33, 1.26%, 11, 0, 3, 108.89
1629378994, 0, 76, 202, 170, 32, 1.26%, 11, 0, 3, 116.03
1629379151, 0, 76, 203, 171, 32, 1.26%, 11, 0, 3, 90.95
1629379303, 0, 76, 203, 171, 32, 1.26%, 12, 0, 3, 118.41
1629380592, 0, 78, 203, 170, 32, 1.26%, 12, 0, 3, 135.15
1629381029, 0, 78, 203, 170, 32, 1.26%, 13, 0, 3, 126.93
1629381116, 0, 78, 204, 171, 32, 1.26%, 13, 0, 3, 87.48
1629382274, 0, 78, 205, 172, 32, 1.26%, 13, 0, 3, 146.75
1629382324, 0, 79, 205, 171, 32, 1.26%, 13, 0, 3, 112.25
1629382727, 0, 79, 206, 172, 32, 1.29%, 13, 0, 3, 128.97
1629382803, 0, 79, 207, 173, 32, 1.29%, 13, 0, 3, 94.09
1629383850, 0, 79, 208, 174, 32, 1.29%, 13, 0, 3, 174.56
1629383891, 0, 80, 208, 173, 32, 1.29%, 13, 0, 3, 133.95
1629384208, 0, 80, 209, 174, 32, 1.29%, 13, 0, 3, 126.58
1629384234, 0, 80, 209, 174, 32, 1.29%, 14, 0, 3, 166.84
1629385356, 0, 83, 209, 173, 32, 1.29%, 14, 0, 3, 171.62
1629385387, 0, 83, 210, 174, 32, 1.29%, 14, 0, 3, 155.03
1629385484, 0, 83, 211, 175, 32, 1.29%, 14, 0, 3, 150.96
1629385540, 0, 83, 212, 176, 32, 1.29%, 14, 0, 3, 144.60
1629385689, 0, 83, 213, 177, 32, 1.30%, 14, 0, 3, 156.50
1629386329, 0, 83, 214, 178, 32, 1.30%, 14, 0, 3, 199.39
1629386355, 0, 84, 214, 177, 34, 1.30%, 14, 0, 3, 203.09
1629386378, 0, 84, 215, 178, 34, 1.30%, 14, 0, 3, 5.94
1629386517, 0, 84, 216, 179, 34, 1.30%, 14, 0, 3, 184.20
1629386538, 0, 85, 216, 178, 33, 1.30%, 14, 0, 3, 170.15
1629386814, 0, 85, 217, 179, 33, 1.30%, 14, 0, 3, 97.25
1629387611, 0, 86, 217, 178, 32, 1.30%, 14, 0, 3, 177.53
1629387867, 0, 86, 218, 179, 32, 1.30%, 14, 0, 3, 150.24
1629388578, 0, 86, 219, 180, 32, 1.30%, 14, 0, 3, 218.89
1629388595, 0, 94, 219, 179, 31, 1.30%, 14, 0, 3, 4.70
1629388649, 0, 94, 220, 180, 31, 1.30%, 14, 0, 3, 1.21
1629388722, 0, 94, 221, 181, 31, 1.30%, 14, 0, 3, 0.58
1629388747, 0, 94, 222, 182, 31, 1.31%, 14, 0, 3, 0.49
1629388911, 0, 94, 223, 183, 31, 1.31%, 14, 0, 3, 0.60
1629389067, 0, 94, 224, 184, 31, 1.31%, 14, 0, 3, 0.59
1629389228, 0, 94, 225, 185, 31, 1.31%, 14, 0, 3, 0.34
1629389259, 0, 94, 226, 186, 31, 1.31%, 14, 0, 3, 0.97
1629389900, 0, 94, 227, 187, 31, 1.31%, 14, 0, 3, 0.51
1629390389, 0, 94, 228, 188, 31, 1.32%, 14, 0, 3, 0.80
1629390541, 0, 94, 229, 189, 31, 1.33%, 14, 0, 3, 0.43
1629390553, 0, 94, 230, 190, 31, 1.33%, 14, 0, 3, 0.79
1629390586, 0, 94, 231, 191, 31, 1.33%, 14, 0, 3, 0.72
1629391226, 0, 94, 232, 192, 31, 1.33%, 14, 0, 3, 0.85
1629392113, 0, 94, 233, 193, 31, 1.33%, 14, 0, 3, 0.78
1629392204, 0, 94, 234, 194, 31, 1.37%, 14, 0, 3, 4.04
1629392240, 0, 94, 235, 195, 31, 1.37%, 14, 0, 3, 0.71
1629392289, 0, 94, 236, 196, 31, 1.37%, 14, 0, 3, 1.04
1629392331, 0, 94, 237, 197, 31, 1.37%, 14, 0, 3, 6.35
1629392338, 0, 94, 238, 198, 31, 1.37%, 14, 0, 3, 1.05
1629392651, 0, 94, 239, 199, 31, 1.37%, 14, 0, 3, 0.34
1629392821, 0, 94, 240, 200, 31, 1.37%, 14, 0, 3, 1.31
1629392918, 0, 94, 241, 201, 31, 1.37%, 14, 0, 3, 0.62
1629393174, 0, 94, 242, 202, 31, 1.37%, 14, 0, 3, 0.43
1629394148, 0, 94, 243, 203, 31, 1.37%, 14, 0, 3, 0.83
1629394576, 0, 94, 244, 204, 31, 1.37%, 14, 0, 3, 0.87
1629394587, 0, 94, 247, 207, 31, 1.37%, 14, 0, 3, 171.26
1629394723, 0, 94, 248, 208, 31, 1.38%, 14, 0, 3, 190.51
1629394933, 0, 94, 249, 209, 31, 1.38%, 14, 0, 3, 1.30
1629395708, 0, 94, 250, 210, 31, 1.38%, 14, 0, 3, 2.32
1629405111, 0, 94, 258, 218, 31, 1.38%, 14, 0, 3, 105.18
1629405116, 0, 94, 259, 219, 31, 1.38%, 14, 0, 3, 106.43
1629406307, 0, 94, 260, 220, 31, 1.38%, 14, 0, 3, 0.47
1629406356, 0, 94, 261, 221, 31, 1.38%, 14, 0, 3, 1.73
1629406642, 0, 94, 262, 222, 31, 1.38%, 14, 0, 3, 20.42
1629407082, 0, 94, 263, 223, 31, 1.38%, 14, 0, 3, 0.73
1629407600, 0, 94, 264, 224, 31, 1.38%, 14, 0, 3, 0.47
1629408783, 0, 98, 264, 223, 37, 1.38%, 14, 0, 3, 96.64
1629409180, 0, 98, 266, 225, 37, 1.39%, 15, 0, 3, 108.75
1629410243, 0, 98, 267, 226, 37, 1.39%, 15, 0, 3, 136.48
1629410309, 0, 99, 267, 225, 38, 1.39%, 15, 0, 3, 117.67
1629411729, 0, 99, 268, 226, 38, 1.39%, 15, 0, 3, 153.68
1629411759, 0, 127, 268, 225, 38, 1.39%, 15, 0, 3, 147.32
1629412671, 0, 135, 268, 224, 37, 1.39%, 15, 0, 3, 168.35
1629412793, 0, 135, 269, 225, 37, 1.39%, 15, 0, 3, 232.42
1629412813, 0, 135, 270, 226, 37, 1.39%, 15, 0, 3, 248.00
1629412839, 0, 144, 270, 225, 38, 1.39%, 15, 0, 3, 151.72
1629413389, 0, 144, 270, 225, 38, 1.39%, 16, 0, 3, 128.61
1629414746, 0, 144, 271, 226, 38, 1.39%, 16, 0, 3, 152.57
1629414766, 0, 144, 273, 228, 38, 1.39%, 16, 0, 3, 168.01
1629414828, 0, 144, 274, 229, 38, 1.39%, 16, 0, 3, 156.22
1629414853, 0, 153, 274, 228, 38, 1.39%, 16, 0, 3, 143.40
1629415012, 0, 153, 275, 229, 38, 1.39%, 16, 0, 4, 133.19
1629416079, 0, 159, 275, 228, 37, 1.39%, 16, 0, 4, 162.31
1629416230, 0, 160, 276, 228, 36, 1.39%, 16, 0, 4, 229.90
1629416250, 0, 160, 277, 229, 36, 1.39%, 17, 0, 4, 199.92
1629416368, 0, 168, 277, 228, 37, 1.39%, 17, 0, 4, 252.19
1629416378, 0, 168, 278, 229, 37, 1.39%, 17, 0, 4, 149.30
1629416429, 0, 168, 279, 230, 37, 1.39%, 17, 0, 4, 135.41
1629416557, 0, 168, 280, 231, 37, 1.39%, 17, 0, 4, 137.67
1629416725, 0, 168, 281, 232, 37, 1.39%, 17, 0, 4, 237.49
1629417585, 0, 168, 282, 233, 37, 1.39%, 17, 0, 4, 172.93
1629417590, 0, 168, 283, 234, 37, 1.39%, 17, 0, 4, 198.78
1629417616, 0, 168, 284, 235, 37, 1.39%, 17, 0, 4, 219.13
1629417697, 0, 171, 285, 235, 38, 1.39%, 17, 0, 4, 214.31
1629418017, 0, 171, 285, 235, 38, 1.39%, 18, 0, 4, 168.90
1629418560, 0, 171, 286, 236, 38, 1.39%, 18, 0, 4, 109.58
1629419050, 0, 181, 286, 235, 37, 1.39%, 18, 0, 4, 191.42
1629419085, 0, 181, 286, 235, 37, 1.39%, 19, 0, 4, 174.47
1629419179, 0, 182, 286, 234, 36, 1.39%, 19, 0, 4, 8.70
1629435525, 0, 185, 286, 233, 35, 1.39%, 19, 0, 4, 88.04
1629435892, 0, 185, 289, 236, 35, 1.40%, 19, 0, 4, 156.20
1629436464, 0, 185, 290, 237, 35, 1.40%, 19, 0, 4, 201.40
1629436489, 0, 187, 290, 236, 37, 1.40%, 19, 0, 4, 232.45
1629436608, 0, 187, 291, 237, 37, 1.40%, 19, 0, 4, 308.62
1629436623, 0, 189, 291, 236, 37, 1.40%, 19, 0, 4, 212.54
1629436884, 0, 189, 291, 236, 37, 1.40%, 20, 0, 4, 213.04
1629437637, 0, 189, 292, 237, 37, 1.40%, 20, 0, 4, 137.67
1629437673, 0, 189, 293, 238, 37, 1.40%, 20, 0, 4, 166.99
1629437712, 0, 190, 293, 237, 37, 1.40%, 20, 0, 4, 5.79
1629437797, 0, 190, 294, 238, 37, 1.40%, 20, 0, 4, 4.25
1629437833, 0, 190, 295, 239, 37, 1.40%, 20, 0, 4, 0.39
1629438019, 0, 190, 296, 240, 37, 1.40%, 20, 0, 4, 0.35
1629438100, 0, 190, 297, 241, 37, 1.40%, 20, 0, 4, 0.76
1629438131, 0, 190, 298, 242, 37, 1.40%, 20, 0, 4, 0.75
1629438192, 0, 190, 299, 243, 37, 1.43%, 20, 0, 4, 6.67
1629438631, 0, 190, 300, 244, 37, 1.54%, 20, 0, 4, 8.17
1629438639, 0, 190, 301, 245, 37, 1.54%, 20, 0, 4, 3.71
1629438677, 0, 190, 302, 246, 37, 1.61%, 20, 0, 4, 8.15
1629438807, 0, 190, 303, 247, 37, 1.61%, 20, 0, 4, 0.55
1629439217, 0, 190, 304, 248, 37, 1.61%, 20, 0, 4, 1.57
