# unix_time, cycles_done, cur_path, paths_total, pending_total, pending_favs, map_size, unique_crashes, unique_hangs, max_depth, execs_per_sec
1650986059, 0, 0, 1, 1, 1, 0.81%, 0, 0, 1, 1.59
1650986069, 0, 0, 4, 4, 1, 0.84%, 0, 0, 2, 8.18
1650986074, 0, 0, 5, 5, 1, 0.84%, 0, 0, 2, 6.37
1650986126, 0, 0, 6, 6, 1, 0.84%, 0, 0, 2, 4.77
1650986131, 0, 0, 7, 7, 1, 0.84%, 0, 0, 2, 4.85
1650986183, 0, 0, 8, 8, 1, 0.84%, 0, 0, 2, 4.59
1650986204, 0, 0, 9, 9, 1, 0.85%, 0, 0, 2, 6.79
1650986271, 0, 0, 10, 10, 1, 0.85%, 0, 0, 2, 5.17
1650986358, 0, 0, 11, 11, 1, 0.85%, 0, 0, 2, 3.88
1650986410, 0, 0, 12, 12, 1, 0.85%, 0, 0, 2, 3.72
1650986472, 0, 0, 13, 13, 1, 0.85%, 0, 0, 2, 4.09
1650986544, 0, 0, 14, 14, 1, 0.85%, 0, 0, 2, 4.08
1650986618, 0, 0, 15, 15, 1, 0.85%, 0, 0, 2, 3.42
1650987147, 0, 0, 16, 16, 1, 0.85%, 0, 0, 2, 5.96
1650988099, 0, 0, 17, 17, 1, 0.86%, 0, 0, 2, 0.00
1650990639, 0, 0, 17, 17, 1, 0.86%, 1, 0, 2, 0.00
1650990644, 0, 0, 17, 17, 1, 0.86%, 2, 0, 2, 6.01
1650991062, 0, 0, 18, 18, 1, 0.87%, 2, 0, 2, 101.54
1650991067, 0, 0, 25, 25, 1, 0.90%, 2, 0, 2, 7.37
1650991072, 0, 0, 27, 27, 1, 0.90%, 2, 0, 2, 10.75
1650992298, 0, 0, 28, 28, 1, 0.90%, 2, 0, 2, 0.00
