# unix_time, cycles_done, cur_path, paths_total, pending_total, pending_favs, map_size, unique_crashes, unique_hangs, max_depth, execs_per_sec
1630397019, 0, 0, 1, 1, 1, 0.04%, 0, 0, 1, 0.17
1630397024, 0, 0, 7, 7, 1, 0.05%, 0, 0, 2, 147.57
1630397029, 0, 0, 9, 9, 1, 0.05%, 0, 0, 2, 12.87
1630397040, 0, 0, 23, 23, 1, 0.05%, 0, 0, 2, 43.95
1630397045, 0, 0, 28, 28, 1, 0.05%, 0, 0, 2, 24.53
1630397055, 0, 0, 30, 30, 1, 0.05%, 0, 0, 2, 12.43
1630397061, 0, 0, 31, 31, 1, 0.05%, 0, 0, 2, 12.42
1630397087, 0, 0, 35, 35, 1, 0.05%, 0, 0, 2, 18.32
1630397092, 0, 0, 36, 36, 1, 0.05%, 0, 0, 2, 13.33
1630397097, 0, 0, 38, 38, 1, 0.05%, 0, 0, 2, 11.94
1630397112, 0, 0, 39, 39, 1, 0.05%, 0, 0, 2, 12.61
1630397128, 0, 0, 42, 42, 1, 0.05%, 0, 0, 2, 18.71
1630397133, 0, 0, 43, 43, 1, 0.05%, 0, 0, 2, 18.47
1630397138, 0, 0, 44, 44, 1, 0.05%, 0, 0, 2, 32.60
1630397174, 0, 0, 45, 45, 1, 0.05%, 0, 0, 2, 24.08
1630397179, 0, 0, 46, 46, 1, 0.05%, 0, 0, 2, 15.20
1630397210, 0, 0, 47, 47, 1, 0.05%, 0, 0, 2, 12.47
1630397221, 0, 0, 51, 51, 1, 0.05%, 0, 0, 2, 88.40
1630397226, 0, 0, 52, 52, 1, 0.05%, 0, 0, 2, 12.04
1630397262, 0, 0, 53, 53, 1, 0.05%, 0, 0, 2, 15.55
1630397267, 0, 0, 54, 54, 1, 0.05%, 0, 0, 2, 13.11
1630397298, 0, 0, 55, 55, 1, 0.05%, 0, 0, 2, 34.30
1630397308, 0, 0, 56, 56, 1, 0.05%, 0, 0, 2, 14.48
1630397318, 0, 0, 59, 59, 1, 0.05%, 0, 0, 2, 12.56
1630397329, 0, 0, 62, 62, 1, 0.05%, 0, 0, 2, 14.09
1630397334, 0, 0, 64, 64, 1, 0.05%, 0, 0, 2, 17.02
1630397390, 0, 0, 67, 67, 1, 0.05%, 0, 0, 2, 22.89
1630397400, 0, 0, 69, 69, 1, 0.05%, 0, 0, 2, 64.61
1630397405, 0, 0, 75, 75, 1, 0.05%, 0, 0, 2, 65.82
1630397410, 0, 0, 77, 77, 1, 0.05%, 0, 0, 2, 11.91
1630397441, 0, 0, 78, 78, 1, 0.05%, 0, 0, 2, 12.30
1630397447, 0, 0, 79, 79, 1, 0.05%, 0, 0, 2, 12.15
1630397488, 0, 0, 80, 80, 1, 0.05%, 0, 0, 2, 12.22
1630397653, 0, 0, 81, 81, 1, 0.05%, 0, 0, 2, 14.07
1630397669, 0, 0, 82, 82, 1, 0.06%, 0, 0, 2, 20.64
1630397684, 0, 0, 83, 83, 1, 0.06%, 0, 0, 2, 12.44
1630397689, 0, 0, 84, 84, 1, 0.06%, 0, 0, 2, 12.18
1630397725, 0, 0, 85, 85, 1, 0.06%, 0, 0, 2, 12.31
1630397741, 0, 0, 86, 86, 1, 0.06%, 0, 0, 2, 12.27
1630397818, 0, 0, 87, 87, 1, 0.06%, 0, 0, 2, 12.38
1630397911, 0, 0, 88, 88, 1, 0.06%, 0, 0, 2, 12.21
1630397937, 0, 0, 95, 95, 1, 0.06%, 0, 0, 2, 18.89
1630397943, 0, 0, 99, 99, 1, 0.06%, 0, 0, 2, 29.56
1630398084, 0, 0, 100, 100, 1, 0.06%, 0, 0, 2, 66.56
1630398207, 0, 0, 105, 105, 1, 0.06%, 0, 0, 2, 136.33
1630398212, 0, 0, 113, 113, 1, 0.06%, 0, 0, 2, 14.70
1630398217, 0, 0, 115, 115, 1, 0.06%, 0, 0, 2, 28.77
1630398222, 0, 0, 116, 116, 1, 0.06%, 0, 0, 2, 24.08
1630398227, 0, 0, 118, 118, 1, 0.06%, 0, 0, 2, 35.12
1630398232, 0, 0, 119, 119, 1, 0.06%, 0, 0, 2, 27.37
1630398248, 0, 0, 120, 120, 1, 0.06%, 0, 0, 2, 41.59
1630398263, 0, 0, 121, 121, 1, 0.06%, 0, 0, 2, 43.42
1630398273, 0, 0, 122, 122, 1, 0.06%, 0, 0, 2, 92.82
1630398278, 0, 0, 123, 123, 1, 0.06%, 0, 0, 2, 80.81
1630398289, 0, 0, 124, 124, 1, 0.06%, 0, 0, 2, 95.12
1630398304, 0, 0, 125, 125, 1, 0.06%, 0, 0, 2, 68.55
1630398309, 0, 0, 126, 126, 1, 0.06%, 0, 0, 2, 68.08
1630398330, 0, 0, 127, 127, 1, 0.06%, 0, 0, 2, 12.18
1630398335, 0, 0, 128, 128, 1, 0.06%, 0, 0, 2, 13.54
1630398402, 0, 0, 129, 129, 1, 0.06%, 0, 0, 2, 12.42
1630398942, 0, 0, 130, 130, 1, 0.06%, 0, 0, 2, 62.31
1630398967, 0, 0, 131, 131, 1, 0.06%, 0, 0, 2, 12.14
1630399236, 0, 0, 132, 132, 1, 0.06%, 0, 0, 2, 12.11
1630399540, 0, 0, 134, 134, 1, 0.06%, 0, 0, 2, 62.71
1630399545, 0, 0, 137, 137, 1, 0.06%, 0, 0, 2, 43.61
1630399550, 0, 0, 139, 139, 1, 0.06%, 0, 0, 2, 36.11
1630399560, 0, 0, 141, 141, 1, 0.06%, 0, 0, 2, 28.56
1630399601, 0, 0, 143, 143, 1, 0.06%, 0, 0, 2, 30.39
1630399607, 0, 0, 145, 145, 1, 0.06%, 0, 0, 2, 20.82
1630399653, 0, 0, 146, 146, 1, 0.06%, 0, 0, 2, 20.15
1630399705, 0, 0, 147, 147, 1, 0.06%, 0, 0, 2, 20.91
1630400107, 0, 0, 148, 148, 1, 0.06%, 0, 0, 2, 17.69
1630400313, 0, 0, 150, 150, 1, 0.06%, 0, 0, 2, 38.02
1630400318, 0, 0, 151, 151, 1, 0.07%, 0, 0, 2, 4.31
1630400390, 0, 0, 152, 152, 1, 0.07%, 0, 0, 2, 68.82
1630400411, 0, 0, 153, 153, 1, 0.07%, 0, 0, 2, 67.83
1630400421, 0, 0, 154, 154, 1, 0.07%, 0, 0, 2, 67.70
1630400473, 0, 0, 155, 155, 1, 0.07%, 0, 0, 2, 14.18
1630400478, 0, 0, 156, 156, 1, 0.07%, 0, 0, 2, 12.85
1630400494, 0, 0, 157, 157, 1, 0.07%, 0, 0, 2, 12.92
1630400504, 0, 0, 158, 158, 1, 0.07%, 0, 0, 2, 12.22
1630400514, 0, 0, 159, 159, 1, 0.07%, 0, 0, 2, 12.19
1630401580, 0, 0, 160, 160, 1, 0.07%, 0, 0, 2, 12.14
1630404048, 0, 0, 161, 161, 1, 0.07%, 0, 0, 2, 12.08
1630406652, 0, 0, 162, 162, 1, 0.07%, 0, 0, 2, 12.05
1630407445, 0, 0, 165, 165, 1, 0.07%, 0, 0, 2, 87.81
1630407450, 0, 0, 171, 171, 1, 0.07%, 0, 0, 2, 30.85
1630407455, 0, 0, 178, 178, 1, 0.07%, 0, 0, 2, 44.00
1630407460, 0, 0, 179, 179, 1, 0.07%, 0, 0, 2, 12.92
1630407466, 0, 0, 182, 182, 1, 0.07%, 0, 0, 2, 65.93
1630407471, 0, 0, 184, 184, 1, 0.07%, 0, 0, 2, 76.20
1630407476, 0, 0, 187, 187, 1, 0.07%, 0, 0, 2, 74.86
1630407481, 0, 0, 191, 191, 1, 0.07%, 0, 0, 2, 87.96
1630407486, 0, 0, 192, 192, 1, 0.07%, 0, 0, 2, 69.53
1630407491, 0, 0, 195, 195, 1, 0.07%, 0, 0, 2, 70.16
1630407496, 0, 0, 196, 196, 1, 0.07%, 0, 0, 2, 62.79
1630407506, 0, 0, 198, 198, 1, 0.07%, 0, 0, 2, 68.74
1630407512, 0, 0, 201, 201, 1, 0.07%, 0, 0, 2, 18.74
1630407517, 0, 0, 203, 203, 1, 0.07%, 0, 0, 2, 46.05
1630407527, 0, 0, 205, 205, 1, 0.07%, 0, 0, 2, 59.01
1630407537, 0, 0, 206, 206, 1, 0.07%, 0, 0, 2, 66.91
1630407552, 0, 0, 208, 208, 1, 0.07%, 0, 0, 2, 44.02
1630407568, 0, 0, 210, 210, 1, 0.07%, 0, 0, 2, 75.22
1630407598, 0, 0, 211, 211, 1, 0.07%, 0, 0, 2, 71.50
1630407603, 0, 0, 213, 213, 1, 0.07%, 0, 0, 2, 72.68
1630407619, 0, 0, 214, 214, 1, 0.07%, 0, 0, 2, 35.64
1630407644, 0, 0, 215, 215, 1, 0.07%, 0, 0, 2, 12.55
1630407655, 0, 0, 217, 217, 1, 0.07%, 0, 0, 2, 69.46
1630407660, 0, 0, 218, 218, 1, 0.07%, 0, 0, 2, 77.40
1630407665, 0, 0, 219, 219, 1, 0.07%, 0, 0, 2, 80.17
1630407670, 0, 0, 220, 220, 1, 0.07%, 0, 0, 2, 72.01
1630407680, 0, 0, 221, 221, 1, 0.07%, 0, 0, 2, 73.90
1630407685, 0, 0, 222, 222, 1, 0.07%, 0, 0, 2, 65.75
1630407711, 0, 11, 223, 222, 61, 0.07%, 0, 0, 2, 103.56
1630408028, 0, 18, 223, 221, 60, 0.07%, 0, 0, 2, 95.93
1630408080, 0, 18, 224, 222, 60, 0.07%, 0, 0, 3, 69.18
1630408582, 0, 18, 225, 223, 60, 0.07%, 0, 0, 3, 65.22
1630408653, 0, 18, 226, 224, 60, 0.07%, 0, 0, 3, 65.35
1630408689, 0, 18, 228, 226, 60, 0.07%, 0, 0, 3, 67.80
1630410461, 0, 19, 228, 225, 62, 0.07%, 0, 0, 3, 85.96
1630412615, 0, 20, 228, 224, 61, 0.07%, 0, 0, 3, 77.86
1630414748, 0, 23, 228, 223, 60, 0.07%, 0, 0, 3, 15.57
1630414758, 0, 23, 229, 224, 60, 0.07%, 0, 0, 3, 18.34
1630414799, 0, 23, 230, 225, 60, 0.07%, 0, 0, 3, 21.64
1630416906, 0, 23, 231, 226, 60, 0.07%, 0, 0, 3, 12.96
1630425239, 0, 23, 232, 227, 60, 0.07%, 0, 0, 3, 75.94
1630425250, 0, 40, 232, 226, 62, 0.07%, 0, 0, 3, 134.19
1630426027, 0, 46, 233, 226, 61, 0.07%, 0, 0, 3, 129.83
1630428394, 0, 47, 233, 225, 60, 0.07%, 0, 0, 3, 110.23
1630430454, 0, 47, 235, 227, 60, 0.07%, 0, 0, 3, 119.51
1630430459, 0, 47, 237, 229, 60, 0.07%, 0, 0, 3, 118.18
1630430475, 0, 47, 238, 230, 60, 0.07%, 0, 0, 3, 123.44
1630430480, 0, 47, 239, 231, 60, 0.07%, 0, 0, 3, 119.59
1630430525, 0, 48, 239, 230, 59, 0.07%, 0, 0, 3, 99.96
1630431253, 0, 48, 240, 231, 59, 0.07%, 0, 0, 3, 68.02
1630431279, 0, 48, 241, 232, 59, 0.07%, 0, 0, 3, 68.30
1630432631, 0, 49, 241, 231, 58, 0.07%, 0, 0, 3, 98.44
1630432652, 0, 49, 242, 232, 58, 0.07%, 0, 0, 3, 70.80
1630432739, 0, 49, 243, 233, 58, 0.07%, 0, 0, 3, 93.21
1630433414, 0, 49, 244, 234, 58, 0.07%, 0, 0, 3, 67.65
1630434744, 0, 53, 244, 233, 57, 0.07%, 0, 0, 3, 16.77
1630435967, 0, 53, 245, 234, 57, 0.07%, 0, 0, 3, 5.54
1630435977, 0, 53, 246, 235, 57, 0.07%, 0, 0, 3, 105.42
1630445229, 0, 53, 247, 236, 57, 0.07%, 0, 0, 3, 60.04
1630445234, 0, 53, 250, 239, 57, 0.07%, 0, 0, 3, 57.17
1630445239, 0, 53, 251, 240, 57, 0.07%, 0, 0, 3, 55.82
1630445244, 0, 53, 253, 242, 57, 0.07%, 0, 0, 3, 50.78
1630445254, 0, 53, 254, 243, 57, 0.07%, 0, 0, 3, 59.16
1630445259, 0, 53, 255, 244, 57, 0.07%, 0, 0, 3, 62.72
1630445295, 0, 53, 257, 246, 57, 0.07%, 0, 0, 3, 72.86
1630445321, 0, 53, 258, 247, 57, 0.07%, 0, 0, 3, 61.50
1630445331, 0, 53, 259, 248, 57, 0.07%, 0, 0, 3, 61.73
1630445347, 0, 53, 260, 249, 57, 0.07%, 0, 0, 3, 40.16
1630445408, 0, 53, 261, 250, 57, 0.07%, 0, 0, 3, 67.09
1630445418, 0, 53, 262, 251, 57, 0.07%, 0, 0, 3, 13.44
1630445423, 0, 56, 262, 250, 60, 0.07%, 0, 0, 3, 102.80
1630446702, 0, 56, 263, 251, 60, 0.07%, 0, 0, 3, 147.20
1630446713, 0, 61, 263, 250, 59, 0.07%, 0, 0, 3, 28.99
1630456963, 0, 61, 264, 251, 59, 0.07%, 0, 0, 3, 61.89
1630456968, 0, 61, 265, 252, 59, 0.07%, 0, 0, 3, 65.36
1630456984, 0, 64, 265, 251, 59, 0.07%, 0, 0, 3, 70.64
1630457302, 0, 64, 266, 252, 59, 0.07%, 0, 0, 3, 79.52
1630457822, 0, 64, 267, 253, 59, 0.07%, 0, 0, 3, 61.47
1630457858, 0, 64, 268, 254, 59, 0.07%, 0, 0, 3, 60.97
1630457868, 0, 64, 269, 255, 59, 0.07%, 0, 0, 3, 60.36
1630459381, 0, 66, 269, 254, 62, 0.07%, 0, 0, 3, 106.92
1630459386, 0, 66, 270, 255, 62, 0.07%, 0, 0, 3, 55.90
1630459497, 0, 66, 271, 256, 62, 0.07%, 0, 0, 3, 38.73
1630459863, 0, 66, 272, 257, 62, 0.07%, 0, 0, 3, 2.23
1630463101, 0, 69, 272, 256, 61, 0.07%, 0, 0, 3, 88.52
1630465137, 0, 71, 272, 255, 60, 0.07%, 0, 0, 3, 90.11
1630467220, 0, 75, 272, 254, 59, 0.07%, 0, 0, 3, 117.68
1630470594, 0, 75, 274, 256, 59, 0.07%, 0, 0, 3, 13.72
1630470599, 0, 75, 276, 258, 59, 0.08%, 0, 0, 3, 12.53
1630470605, 0, 75, 277, 259, 59, 0.08%, 0, 0, 3, 12.14
1630470610, 0, 75, 278, 260, 59, 0.08%, 0, 0, 3, 12.13
1630470615, 0, 75, 279, 261, 59, 0.08%, 0, 0, 3, 12.28
1630470620, 0, 75, 280, 262, 59, 0.08%, 0, 0, 3, 12.43
1630470626, 0, 75, 281, 263, 59, 0.08%, 0, 0, 3, 12.28
1630477628, 0, 75, 282, 264, 59, 0.08%, 0, 0, 3, 129.01
1630477638, 0, 76, 282, 263, 66, 0.08%, 0, 0, 3, 49.57
1630478317, 0, 76, 283, 264, 66, 0.08%, 0, 0, 3, 12.18
1630481014, 0, 76, 284, 265, 66, 0.08%, 0, 0, 3, 13.94
