# unix_time, cycles_done, cur_path, paths_total, pending_total, pending_favs, map_size, unique_crashes, unique_hangs, max_depth, execs_per_sec
1654174093, 0, 0, 1, 1, 1, 0.03%, 0, 0, 1, 0.19
1654174114, 0, 0, 4, 4, 1, 0.03%, 0, 0, 2, 113.62
1654174130, 0, 0, 5, 5, 1, 0.03%, 0, 0, 2, 2.88
1654174217, 0, 0, 6, 6, 1, 0.03%, 0, 0, 2, 2.93
1654174228, 0, 0, 7, 7, 1, 0.03%, 0, 0, 2, 2.93
1654174310, 0, 0, 8, 8, 1, 0.03%, 0, 0, 2, 2.95
1654174346, 0, 0, 9, 9, 1, 0.03%, 0, 0, 2, 2.84
1654174448, 0, 0, 10, 10, 1, 0.03%, 0, 0, 2, 2.72
1654174572, 0, 0, 11, 11, 1, 0.03%, 0, 0, 2, 2.91
1654174634, 0, 0, 12, 12, 1, 0.03%, 0, 0, 2, 2.87
1654174715, 0, 0, 13, 13, 1, 0.03%, 0, 0, 2, 2.79
1654174813, 0, 0, 14, 14, 1, 0.03%, 0, 0, 2, 2.83
1654174896, 0, 0, 15, 15, 1, 0.03%, 0, 0, 2, 2.79
1654175541, 0, 0, 16, 16, 1, 0.03%, 0, 0, 2, 7.92
1654176519, 0, 0, 17, 17, 1, 0.03%, 0, 0, 2, 58.93
1654176524, 0, 0, 20, 20, 1, 0.03%, 0, 0, 2, 45.17
1654176529, 0, 0, 24, 24, 1, 0.03%, 0, 0, 2, 4.58
1654176596, 0, 0, 25, 25, 1, 0.03%, 0, 0, 2, 2.91
1654176950, 0, 0, 26, 26, 1, 0.03%, 0, 0, 2, 2.98
1654178152, 0, 0, 27, 27, 1, 0.03%, 0, 0, 2, 34.92
1654178157, 0, 0, 28, 28, 1, 0.03%, 0, 0, 2, 2.91
1654178163, 0, 0, 29, 29, 1, 0.03%, 0, 0, 2, 33.61
1654178271, 0, 0, 30, 30, 1, 0.03%, 0, 0, 2, 27.30
1654178276, 0, 0, 32, 32, 1, 0.03%, 0, 0, 2, 7.85
1654178281, 0, 0, 33, 33, 1, 0.03%, 0, 0, 2, 12.03
1654178286, 0, 0, 36, 36, 1, 0.03%, 0, 0, 2, 11.24
1654178291, 0, 0, 37, 37, 1, 0.03%, 0, 0, 2, 13.34
1654178296, 0, 0, 38, 38, 1, 0.03%, 0, 0, 2, 12.23
1654178302, 0, 0, 40, 40, 1, 0.03%, 0, 0, 2, 11.24
1654178307, 0, 0, 41, 41, 1, 0.03%, 0, 0, 2, 11.34
1654178312, 0, 0, 43, 43, 1, 0.03%, 1, 0, 2, 12.03
1654178317, 0, 0, 44, 44, 1, 0.04%, 1, 0, 2, 11.89
1654178322, 0, 0, 45, 45, 1, 0.04%, 1, 0, 2, 2.28
1654178333, 0, 0, 46, 46, 1, 0.04%, 1, 0, 2, 10.53
1654178338, 0, 0, 48, 48, 1, 0.04%, 1, 0, 2, 10.34
1654178348, 0, 0, 49, 49, 1, 0.05%, 1, 0, 2, 6.44
1654178358, 0, 0, 51, 51, 1, 0.05%, 1, 0, 2, 6.92
1654178374, 0, 0, 53, 53, 1, 0.06%, 1, 0, 2, 9.78
1654178379, 0, 0, 54, 54, 1, 0.06%, 1, 0, 2, 10.64
1654178405, 0, 0, 55, 55, 1, 0.06%, 1, 0, 2, 12.06
1654178410, 0, 0, 56, 56, 1, 0.06%, 1, 0, 2, 9.28
1654178415, 0, 0, 57, 57, 1, 0.06%, 1, 0, 2, 6.84
1654178421, 0, 0, 59, 59, 1, 0.06%, 1, 0, 2, 10.16
1654178431, 0, 0, 60, 60, 1, 0.06%, 1, 0, 2, 8.73
1654178436, 0, 0, 62, 62, 1, 0.06%, 1, 0, 2, 12.50
1654178446, 0, 0, 63, 63, 1, 0.06%, 1, 0, 2, 12.28
1654178462, 0, 0, 64, 64, 1, 0.06%, 1, 0, 2, 9.71
1654178477, 0, 0, 65, 65, 1, 0.06%, 1, 0, 2, 8.65
1654178483, 0, 0, 67, 67, 1, 0.06%, 1, 0, 2, 11.06
1654178493, 0, 0, 69, 69, 1, 0.06%, 1, 0, 2, 13.76
1654178498, 0, 0, 70, 70, 1, 0.06%, 1, 0, 2, 12.23
1654178503, 0, 0, 72, 72, 1, 0.06%, 1, 0, 2, 7.53
1654178508, 0, 0, 74, 74, 1, 0.06%, 1, 0, 2, 10.78
1654178518, 0, 0, 75, 75, 1, 0.06%, 1, 0, 2, 13.18
1654178523, 0, 0, 76, 76, 1, 0.06%, 1, 0, 2, 13.25
1654178534, 0, 0, 77, 77, 1, 0.06%, 1, 0, 2, 2.64
1654178554, 0, 0, 78, 78, 1, 0.07%, 1, 0, 2, 12.14
1654178574, 0, 0, 79, 79, 1, 0.07%, 1, 0, 2, 12.88
1654178595, 0, 0, 80, 80, 1, 0.07%, 1, 0, 2, 13.66
1654178600, 0, 0, 81, 81, 1, 0.07%, 1, 0, 2, 8.94
1654178605, 0, 0, 82, 82, 1, 0.07%, 1, 0, 2, 12.39
1654178610, 0, 0, 83, 83, 1, 0.07%, 1, 0, 2, 12.71
1654185191, 0, 0, 84, 84, 1, 0.07%, 1, 0, 2, 2.98
1654185273, 0, 0, 85, 85, 1, 0.07%, 1, 0, 2, 2.88
1654185320, 0, 0, 86, 86, 1, 0.07%, 1, 0, 2, 2.93
1654185542, 0, 0, 87, 87, 1, 0.07%, 1, 0, 2, 2.91
1654217868, 0, 0, 88, 88, 1, 0.07%, 1, 0, 2, 2.92
1654219598, 0, 0, 89, 89, 1, 0.07%, 1, 0, 2, 3.01
1654219690, 0, 2, 89, 88, 38, 0.07%, 1, 0, 2, 94.91
1654219792, 0, 3, 89, 87, 37, 0.07%, 1, 0, 2, 36.16
1654223820, 0, 3, 90, 88, 37, 0.07%, 1, 0, 3, 32.96
1654223913, 0, 8, 90, 87, 36, 0.07%, 1, 0, 3, 71.68
1654223928, 0, 8, 91, 88, 36, 0.07%, 1, 0, 3, 76.78
1654223969, 0, 8, 92, 89, 36, 0.07%, 1, 0, 3, 114.27
1654224026, 0, 8, 93, 90, 36, 0.07%, 1, 0, 3, 57.91
1654224530, 0, 10, 93, 89, 33, 0.07%, 1, 0, 3, 101.98
1654225121, 0, 10, 93, 89, 33, 0.07%, 2, 0, 3, 12.94
1654225265, 0, 10, 94, 90, 33, 0.07%, 2, 0, 3, 14.56
1654231649, 0, 14, 94, 89, 33, 0.07%, 2, 0, 3, 131.73
1654257307, 0, 21, 94, 88, 33, 0.07%, 2, 0, 3, 23.88
1654257706, 0, 21, 95, 89, 33, 0.07%, 2, 0, 3, 19.45
1654257752, 0, 21, 96, 90, 33, 0.07%, 2, 0, 3, 26.38
1654258008, 0, 21, 98, 92, 33, 0.07%, 2, 0, 3, 38.25
1654258064, 0, 21, 99, 93, 33, 0.07%, 2, 0, 3, 16.36
1654258146, 0, 21, 100, 94, 33, 0.07%, 2, 0, 3, 10.36
1654264252, 0, 21, 101, 95, 33, 0.07%, 2, 0, 3, 14.17
1654264263, 0, 21, 102, 96, 33, 0.07%, 2, 0, 3, 13.00
1654266682, 0, 22, 102, 95, 35, 0.07%, 2, 0, 3, 45.78
1654267019, 0, 22, 103, 96, 35, 0.07%, 2, 0, 3, 14.63
1654268421, 0, 24, 103, 95, 34, 0.07%, 2, 0, 3, 2.84
1654268745, 0, 24, 103, 95, 34, 0.07%, 3, 0, 3, 12.59
1654271071, 0, 25, 103, 94, 33, 0.07%, 3, 0, 3, 24.46
1654275082, 0, 25, 103, 94, 33, 0.07%, 4, 0, 3, 13.20
1654303006, 0, 25, 104, 95, 33, 0.07%, 4, 0, 3, 2.90
1654303093, 0, 25, 105, 96, 33, 0.07%, 4, 0, 3, 2.93
1654303150, 0, 25, 106, 97, 33, 0.07%, 4, 0, 3, 2.95
1654303367, 0, 25, 107, 98, 33, 0.07%, 4, 0, 3, 2.95
1654316529, 0, 27, 107, 97, 36, 0.07%, 4, 0, 3, 7.58
1654360715, 0, 27, 108, 98, 36, 0.07%, 4, 0, 3, 1.72
1654360756, 0, 27, 109, 99, 36, 0.07%, 4, 0, 3, 11.16
1654360893, 0, 28, 109, 98, 35, 0.07%, 4, 0, 3, 3.15
1654367981, 0, 32, 109, 97, 34, 0.07%, 4, 0, 3, 27.65
1654368771, 0, 32, 110, 98, 34, 0.07%, 4, 0, 3, 8.94
1654372841, 0, 37, 110, 97, 33, 0.07%, 4, 0, 3, 3.18
1654377829, 0, 37, 110, 97, 33, 0.07%, 5, 0, 3, 2.05
1654404778, 0, 42, 110, 96, 32, 0.07%, 5, 0, 3, 19.61
1654404876, 0, 42, 111, 97, 32, 0.07%, 5, 0, 3, 11.33
1654406189, 0, 42, 112, 98, 32, 0.07%, 5, 0, 3, 13.36
1654406256, 0, 42, 113, 99, 32, 0.07%, 5, 0, 3, 12.89
1654406425, 0, 42, 115, 101, 32, 0.07%, 6, 0, 3, 12.01
1654418954, 0, 43, 115, 100, 34, 0.07%, 6, 0, 3, 35.86
1654418990, 0, 43, 116, 101, 34, 0.07%, 6, 0, 3, 8.17
1654419093, 0, 43, 117, 102, 34, 0.07%, 6, 0, 3, 7.12
1654419720, 0, 43, 117, 102, 34, 0.07%, 7, 0, 3, 1.13
1654419746, 0, 43, 117, 102, 34, 0.07%, 8, 0, 3, 0.38
1654419915, 0, 43, 117, 102, 34, 0.07%, 9, 0, 3, 0.38
1654419978, 0, 43, 117, 102, 34, 0.07%, 10, 0, 3, 0.38
1654423913, 0, 43, 117, 102, 34, 0.07%, 11, 0, 3, 0.38
1654430273, 0, 43, 117, 102, 34, 0.07%, 12, 0, 3, 0.38
1654435050, 0, 43, 117, 102, 34, 0.07%, 13, 0, 3, 0.38
1654435868, 0, 43, 117, 102, 34, 0.07%, 14, 0, 3, 12.79
1654436076, 0, 43, 117, 102, 34, 0.07%, 15, 0, 3, 12.96
1654437794, 0, 43, 118, 103, 34, 0.07%, 15, 0, 3, 14.52
1654437816, 0, 43, 119, 104, 34, 0.07%, 15, 0, 3, 11.31
1654489730, 0, 43, 119, 104, 34, 0.07%, 16, 0, 3, 0.38
1654490093, 0, 43, 119, 104, 34, 0.07%, 17, 0, 3, 0.38
1654491785, 0, 43, 119, 104, 34, 0.07%, 18, 0, 3, 0.38
