# unix_time, cycles_done, cur_path, paths_total, pending_total, pending_favs, map_size, unique_crashes, unique_hangs, max_depth, execs_per_sec
1654174084, 0, 0, 1, 1, 1, 0.03%, 0, 0, 1, 0.19
1654174105, 0, 0, 4, 4, 1, 0.03%, 0, 0, 2, 18.87
1654174120, 0, 0, 5, 5, 1, 0.03%, 0, 0, 2, 3.02
1654174208, 0, 0, 6, 6, 1, 0.03%, 0, 0, 2, 2.95
1654174213, 0, 0, 7, 7, 1, 0.03%, 0, 0, 2, 2.99
1654174295, 0, 0, 8, 8, 1, 0.03%, 0, 0, 2, 3.02
1654174331, 0, 0, 9, 9, 1, 0.03%, 0, 0, 2, 2.95
1654174434, 0, 0, 10, 10, 1, 0.03%, 0, 0, 2, 2.71
1654174557, 0, 0, 11, 11, 1, 0.03%, 0, 0, 2, 2.79
1654174619, 0, 0, 12, 12, 1, 0.03%, 0, 0, 2, 2.79
1654174697, 0, 0, 13, 13, 1, 0.03%, 0, 0, 2, 2.77
1654174795, 0, 0, 14, 14, 1, 0.03%, 0, 0, 2, 2.77
1654174872, 0, 0, 15, 15, 1, 0.03%, 0, 0, 2, 2.80
1654175503, 0, 0, 16, 16, 1, 0.03%, 0, 0, 2, 7.16
1654176455, 0, 0, 17, 17, 1, 0.03%, 0, 0, 2, 43.91
1654176460, 0, 0, 18, 18, 1, 0.03%, 0, 0, 2, 42.24
1654176465, 0, 0, 23, 23, 1, 0.03%, 0, 0, 2, 36.40
1654176471, 0, 0, 25, 25, 1, 0.03%, 0, 0, 2, 4.29
1654176476, 0, 0, 27, 27, 1, 0.03%, 0, 0, 2, 7.15
1654176875, 0, 0, 28, 28, 1, 0.03%, 0, 0, 2, 3.03
1654178108, 0, 0, 29, 29, 1, 0.03%, 0, 0, 2, 32.30
1654178113, 0, 0, 30, 30, 1, 0.03%, 0, 0, 2, 31.19
1654178118, 0, 0, 31, 31, 1, 0.03%, 0, 0, 2, 33.14
1654178236, 0, 0, 33, 33, 1, 0.03%, 0, 0, 2, 6.49
1654178241, 0, 0, 35, 35, 1, 0.03%, 0, 0, 2, 11.86
1654178247, 0, 0, 36, 36, 1, 0.03%, 0, 0, 2, 11.50
1654178252, 0, 0, 37, 37, 1, 0.03%, 0, 0, 2, 12.23
1654178257, 0, 0, 38, 38, 1, 0.03%, 0, 0, 2, 13.67
1654178262, 0, 0, 40, 40, 1, 0.03%, 0, 0, 2, 12.25
1654178267, 0, 0, 42, 42, 1, 0.03%, 0, 0, 2, 10.53
1654178272, 0, 0, 43, 43, 1, 0.03%, 1, 0, 2, 11.32
1654178277, 0, 0, 45, 45, 1, 0.04%, 1, 0, 2, 11.47
1654178282, 0, 0, 46, 46, 1, 0.04%, 1, 0, 2, 2.37
1654178293, 0, 0, 47, 47, 1, 0.04%, 1, 0, 2, 11.16
1654178298, 0, 0, 48, 48, 1, 0.04%, 1, 0, 2, 11.34
1654178303, 0, 0, 49, 49, 1, 0.05%, 1, 0, 2, 2.47
1654178313, 0, 0, 50, 50, 1, 0.05%, 1, 0, 2, 11.14
1654178329, 0, 0, 52, 52, 1, 0.06%, 1, 0, 2, 11.11
1654178334, 0, 0, 53, 53, 1, 0.06%, 1, 0, 2, 10.36
1654178360, 0, 0, 55, 55, 1, 0.06%, 1, 0, 2, 11.68
1654178370, 0, 0, 56, 56, 1, 0.06%, 1, 0, 2, 7.44
1654178375, 0, 0, 58, 58, 1, 0.06%, 1, 0, 2, 10.85
1654178385, 0, 0, 60, 60, 1, 0.06%, 1, 0, 2, 10.05
1654178391, 0, 0, 61, 61, 1, 0.06%, 1, 0, 2, 12.85
1654178401, 0, 0, 62, 62, 1, 0.06%, 1, 0, 2, 10.80
1654178411, 0, 0, 63, 63, 1, 0.06%, 1, 0, 2, 11.01
1654178431, 0, 0, 64, 64, 1, 0.06%, 1, 0, 2, 7.96
1654178437, 0, 0, 66, 66, 1, 0.06%, 1, 0, 2, 11.20
1654178447, 0, 0, 68, 68, 1, 0.06%, 1, 0, 2, 13.46
1654178452, 0, 0, 70, 70, 1, 0.06%, 1, 0, 2, 11.56
1654178457, 0, 0, 71, 71, 1, 0.06%, 1, 0, 2, 7.24
1654178463, 0, 0, 73, 73, 1, 0.06%, 1, 0, 2, 11.33
1654178478, 0, 0, 74, 74, 1, 0.06%, 1, 0, 2, 13.87
1654178488, 0, 0, 75, 75, 1, 0.06%, 1, 0, 2, 5.09
1654178508, 0, 0, 76, 76, 1, 0.07%, 1, 0, 2, 11.90
1654178544, 0, 0, 78, 78, 1, 0.07%, 1, 0, 2, 12.40
1654178554, 0, 0, 80, 80, 1, 0.07%, 1, 0, 2, 13.02
1654185048, 0, 0, 81, 81, 1, 0.07%, 1, 0, 2, 3.00
1654185100, 0, 0, 82, 82, 1, 0.07%, 1, 0, 2, 2.97
1654185111, 0, 0, 83, 83, 1, 0.07%, 1, 0, 2, 3.03
1654185318, 0, 0, 84, 84, 1, 0.07%, 1, 0, 2, 3.03
1654216899, 0, 0, 85, 85, 1, 0.07%, 1, 0, 2, 3.04
1654218584, 0, 0, 86, 86, 1, 0.07%, 1, 0, 2, 7.57
1654218656, 0, 1, 86, 85, 38, 0.07%, 1, 0, 2, 52.55
1654219286, 0, 2, 86, 84, 37, 0.07%, 1, 0, 2, 123.11
1654219393, 0, 3, 86, 83, 36, 0.07%, 1, 0, 2, 33.73
1654220448, 0, 3, 87, 84, 36, 0.07%, 1, 0, 3, 31.72
1654223867, 0, 8, 87, 83, 35, 0.07%, 1, 0, 3, 68.05
1654223887, 0, 8, 88, 84, 35, 0.07%, 1, 0, 3, 63.45
1654223929, 0, 8, 89, 85, 35, 0.07%, 1, 0, 3, 226.40
1654223995, 0, 8, 90, 86, 35, 0.07%, 1, 0, 3, 47.26
1654224580, 0, 9, 90, 85, 34, 0.07%, 1, 0, 3, 2.98
1654228531, 0, 9, 90, 85, 34, 0.07%, 2, 0, 3, 13.12
1654268028, 0, 14, 90, 84, 34, 0.07%, 2, 0, 3, 8.02
1654292873, 0, 20, 90, 83, 33, 0.07%, 2, 0, 3, 14.33
1654293789, 0, 20, 91, 84, 33, 0.07%, 2, 0, 3, 14.09
1654293815, 0, 20, 92, 85, 33, 0.07%, 2, 0, 3, 13.59
1654293969, 0, 20, 93, 86, 33, 0.07%, 2, 0, 3, 10.88
1654293995, 0, 20, 94, 87, 33, 0.07%, 2, 0, 3, 14.39
1654294000, 0, 20, 95, 88, 33, 0.07%, 2, 0, 3, 13.15
1654294010, 0, 20, 96, 89, 33, 0.07%, 2, 0, 3, 15.19
1654294439, 0, 20, 97, 90, 33, 0.07%, 2, 0, 3, 15.50
1654301577, 0, 21, 97, 89, 34, 0.07%, 2, 0, 3, 52.64
1654302034, 0, 21, 98, 90, 34, 0.07%, 2, 0, 3, 14.14
1654304345, 0, 26, 98, 89, 33, 0.07%, 2, 0, 3, 17.97
1654304769, 0, 26, 99, 90, 33, 0.07%, 2, 0, 3, 13.42
1654304800, 0, 26, 100, 91, 33, 0.07%, 2, 0, 3, 13.60
1654306177, 0, 27, 100, 90, 33, 0.07%, 2, 0, 3, 5.79
1654309674, 0, 27, 101, 91, 33, 0.07%, 2, 0, 3, 2.97
1654310168, 0, 27, 101, 91, 33, 0.07%, 3, 0, 3, 13.72
1654310296, 0, 27, 102, 92, 33, 0.07%, 3, 0, 3, 10.72
1654327925, 0, 27, 103, 93, 33, 0.07%, 3, 0, 3, 4.18
1654329152, 0, 27, 104, 94, 33, 0.07%, 3, 0, 3, 3.05
1654329287, 0, 27, 105, 95, 33, 0.07%, 3, 0, 3, 3.03
1654329494, 0, 27, 106, 96, 33, 0.07%, 3, 0, 3, 2.98
1654350571, 0, 29, 106, 95, 37, 0.07%, 3, 0, 3, 72.51
1654396490, 0, 30, 106, 94, 36, 0.07%, 3, 0, 3, 11.00
1654403938, 0, 34, 106, 93, 35, 0.07%, 3, 0, 3, 21.91
1654404778, 0, 34, 107, 94, 35, 0.07%, 3, 0, 3, 7.04
1654409007, 0, 38, 107, 93, 34, 0.07%, 3, 0, 3, 5.41
1654441326, 0, 39, 107, 92, 33, 0.07%, 3, 0, 3, 24.23
1654442473, 0, 39, 108, 93, 33, 0.07%, 3, 0, 3, 28.77
1654442504, 0, 39, 109, 94, 33, 0.07%, 3, 0, 3, 12.61
1654442566, 0, 39, 110, 95, 33, 0.07%, 3, 0, 3, 12.97
1654442740, 0, 39, 110, 95, 33, 0.07%, 4, 0, 3, 13.00
1654452617, 0, 41, 110, 94, 34, 0.07%, 4, 0, 3, 11.85
1654452730, 0, 41, 111, 95, 34, 0.07%, 4, 0, 3, 8.26
1654452781, 0, 41, 112, 96, 34, 0.07%, 4, 0, 3, 18.35
1654454535, 0, 41, 112, 96, 34, 0.07%, 5, 0, 3, 9.29
1654469193, 0, 43, 112, 95, 35, 0.07%, 5, 0, 3, 33.77
1654469286, 0, 43, 113, 96, 35, 0.07%, 5, 0, 3, 11.45
1654470757, 0, 43, 115, 98, 35, 0.07%, 5, 0, 3, 12.46
1654482460, 0, 44, 115, 97, 35, 0.07%, 5, 0, 3, 13.64
1654482588, 0, 44, 116, 98, 35, 0.07%, 5, 0, 3, 6.46
1654483453, 0, 44, 117, 99, 35, 0.07%, 5, 0, 3, 8.54
1654486114, 0, 44, 118, 100, 35, 0.07%, 5, 0, 3, 11.19
1654486130, 0, 44, 119, 101, 35, 0.08%, 5, 0, 3, 11.90
1654500888, 0, 45, 119, 100, 36, 0.08%, 5, 0, 3, 136.23
