# unix_time, cycles_done, cur_path, paths_total, pending_total, pending_favs, map_size, unique_crashes, unique_hangs, max_depth, execs_per_sec
1629262928, 0, 0, 1, 1, 1, 0.01%, 0, 0, 1, 0.17
1629262933, 0, 0, 6, 6, 1, 0.02%, 0, 0, 2, 28.55
1629262938, 0, 0, 11, 11, 1, 0.02%, 0, 0, 2, 26.24
1629262943, 0, 0, 12, 12, 1, 0.02%, 0, 0, 2, 22.72
1629262948, 0, 0, 14, 14, 1, 0.02%, 0, 0, 2, 22.67
1629262963, 0, 0, 15, 15, 1, 0.02%, 0, 0, 2, 21.85
1629262974, 0, 0, 17, 17, 1, 0.03%, 0, 0, 2, 18.96
1629262979, 0, 0, 20, 20, 1, 0.03%, 0, 0, 2, 19.31
1629262984, 0, 0, 21, 21, 1, 0.03%, 0, 0, 2, 20.11
1629262994, 0, 0, 28, 28, 1, 0.03%, 0, 0, 2, 33.28
1629263004, 0, 0, 29, 29, 1, 0.03%, 0, 0, 2, 23.63
1629263035, 0, 0, 30, 30, 1, 0.03%, 0, 0, 2, 19.38
1629263045, 0, 0, 32, 32, 1, 0.03%, 0, 0, 2, 98.97
1629263050, 0, 0, 35, 35, 1, 0.03%, 0, 0, 2, 41.65
1629263096, 0, 0, 36, 36, 1, 0.03%, 0, 0, 2, 25.08
1629263111, 0, 0, 38, 38, 1, 0.03%, 0, 0, 2, 35.59
1629263116, 0, 0, 40, 40, 1, 0.03%, 0, 0, 2, 36.95
1629263127, 0, 0, 41, 41, 1, 0.03%, 0, 0, 2, 34.16
1629263137, 0, 0, 43, 43, 1, 0.03%, 0, 0, 2, 23.61
1629263153, 0, 0, 44, 44, 1, 0.03%, 0, 0, 2, 27.73
1629263158, 0, 0, 45, 45, 1, 0.03%, 0, 0, 2, 23.87
1629263204, 0, 0, 46, 46, 1, 0.03%, 0, 0, 2, 24.10
1629263276, 0, 0, 47, 47, 1, 0.03%, 0, 0, 2, 18.29
1629263311, 0, 0, 48, 48, 1, 0.03%, 0, 0, 2, 26.59
1629263316, 0, 0, 49, 49, 1, 0.03%, 0, 0, 2, 29.05
1629263342, 0, 0, 51, 51, 1, 0.03%, 0, 0, 2, 35.83
1629263347, 0, 0, 52, 52, 1, 0.03%, 0, 0, 2, 26.58
1629263362, 0, 0, 53, 53, 1, 0.03%, 0, 0, 2, 102.74
1629263367, 0, 0, 54, 54, 1, 0.03%, 0, 0, 2, 50.76
1629263383, 0, 0, 55, 55, 1, 0.03%, 0, 0, 2, 27.87
1629263459, 0, 0, 58, 58, 1, 0.03%, 0, 0, 2, 35.00
1629263612, 0, 0, 59, 59, 1, 0.03%, 0, 0, 2, 32.99
1629263622, 0, 0, 60, 60, 1, 0.03%, 0, 0, 2, 37.73
1629263628, 0, 0, 64, 64, 1, 0.03%, 0, 0, 2, 37.51
1629263633, 0, 0, 72, 72, 1, 0.03%, 0, 0, 2, 37.70
1629263638, 0, 0, 75, 75, 1, 0.03%, 0, 0, 2, 37.92
1629263700, 0, 0, 76, 76, 1, 0.03%, 0, 0, 2, 23.14
1629263715, 0, 0, 77, 77, 1, 0.03%, 0, 0, 2, 25.69
1629264068, 0, 0, 78, 78, 1, 0.03%, 0, 0, 2, 26.91
1629264073, 0, 0, 80, 80, 1, 0.03%, 0, 0, 2, 22.68
1629264123, 0, 0, 81, 81, 1, 0.03%, 0, 0, 2, 19.56
1629264379, 0, 0, 82, 82, 1, 0.03%, 0, 0, 2, 18.43
1629264405, 0, 0, 83, 83, 1, 0.03%, 0, 0, 2, 18.35
1629264421, 0, 0, 85, 85, 1, 0.03%, 0, 0, 2, 26.93
1629264487, 0, 0, 86, 86, 1, 0.03%, 0, 0, 2, 240.17
1629264513, 0, 0, 87, 87, 1, 0.03%, 0, 0, 2, 35.97
1629264518, 0, 0, 88, 88, 1, 0.03%, 0, 0, 2, 35.39
1629264523, 0, 0, 89, 89, 1, 0.03%, 1, 0, 2, 30.28
1629264528, 0, 0, 90, 90, 1, 0.03%, 1, 0, 2, 29.93
1629264533, 0, 0, 93, 93, 1, 0.03%, 1, 0, 2, 29.48
1629264538, 0, 0, 98, 98, 1, 0.03%, 1, 0, 2, 30.01
1629264544, 0, 0, 99, 99, 1, 0.03%, 1, 0, 2, 33.92
1629264549, 0, 0, 102, 102, 1, 0.04%, 1, 0, 2, 31.39
1629264564, 0, 0, 104, 104, 1, 0.04%, 1, 0, 2, 30.06
1629264575, 0, 0, 105, 105, 1, 0.04%, 1, 0, 2, 36.29
1629264595, 0, 0, 106, 106, 1, 0.04%, 1, 0, 2, 37.05
1629264815, 0, 0, 107, 107, 1, 0.04%, 1, 0, 2, 22.74
1629264826, 0, 0, 108, 108, 1, 0.04%, 1, 0, 2, 23.11
1629264831, 0, 0, 109, 109, 1, 0.04%, 1, 0, 2, 23.56
1629264846, 0, 0, 110, 110, 1, 0.04%, 1, 0, 2, 23.22
1629265378, 0, 0, 111, 111, 1, 0.04%, 1, 0, 2, 22.92
1629265418, 0, 0, 112, 112, 1, 0.04%, 1, 0, 2, 22.94
1629267608, 0, 0, 113, 113, 1, 0.04%, 1, 0, 2, 17.99
1629267619, 0, 0, 114, 114, 1, 0.04%, 1, 0, 2, 18.34
1629268358, 0, 0, 115, 115, 1, 0.04%, 1, 0, 2, 17.98
1629269268, 0, 0, 118, 118, 1, 0.04%, 1, 0, 2, 30.96
1629269273, 0, 0, 119, 119, 1, 0.04%, 1, 0, 2, 43.21
1629269289, 0, 0, 120, 120, 1, 0.04%, 1, 0, 2, 49.50
1629269299, 0, 0, 122, 122, 1, 0.04%, 1, 0, 2, 43.35
1629269309, 0, 0, 123, 123, 1, 0.04%, 1, 0, 2, 47.10
1629269319, 0, 0, 124, 124, 1, 0.04%, 1, 0, 2, 50.60
1629269325, 0, 0, 125, 125, 1, 0.04%, 1, 0, 2, 47.86
1629269340, 0, 0, 126, 126, 1, 0.04%, 1, 0, 2, 46.27
1629269355, 0, 0, 127, 127, 1, 0.04%, 1, 0, 2, 46.53
1629269376, 0, 0, 128, 128, 1, 0.04%, 1, 0, 2, 49.03
1629269416, 0, 0, 130, 130, 1, 0.04%, 1, 0, 2, 45.87
1629269422, 0, 0, 131, 131, 1, 0.04%, 1, 0, 2, 46.50
1629269452, 0, 0, 132, 132, 1, 0.04%, 1, 0, 2, 44.87
1629269498, 0, 0, 133, 133, 1, 0.04%, 1, 0, 2, 48.95
1629269514, 0, 0, 134, 134, 1, 0.04%, 1, 0, 2, 43.30
1629269539, 0, 0, 135, 135, 1, 0.04%, 1, 0, 2, 43.71
1629269560, 0, 0, 136, 136, 1, 0.04%, 1, 0, 2, 49.49
1629269580, 0, 0, 137, 137, 1, 0.04%, 1, 0, 2, 46.91
1629269631, 0, 0, 138, 138, 1, 0.04%, 1, 0, 2, 47.18
1629269662, 0, 0, 139, 139, 1, 0.04%, 1, 0, 2, 46.00
1629269667, 0, 0, 141, 141, 1, 0.04%, 1, 0, 2, 39.51
1629269697, 0, 0, 142, 142, 1, 0.04%, 1, 0, 2, 48.46
1629269707, 0, 0, 143, 143, 1, 0.04%, 1, 0, 2, 49.01
1629269749, 0, 0, 144, 144, 1, 0.04%, 1, 0, 2, 48.52
1629269769, 0, 0, 146, 146, 1, 0.04%, 1, 0, 2, 47.87
1629269928, 0, 0, 147, 147, 1, 0.04%, 1, 0, 2, 43.79
1629269933, 0, 0, 148, 148, 1, 0.04%, 1, 0, 2, 45.62
1629269949, 0, 5, 148, 147, 51, 0.04%, 1, 0, 2, 52.10
1629270112, 0, 5, 148, 147, 51, 0.04%, 2, 0, 2, 37.98
1629270561, 0, 7, 148, 146, 51, 0.04%, 2, 0, 2, 77.28
1629271022, 0, 8, 148, 145, 50, 0.04%, 2, 0, 2, 76.10
1629271166, 0, 8, 148, 145, 50, 0.04%, 3, 0, 2, 37.34
1629271550, 0, 9, 148, 144, 49, 0.04%, 3, 0, 2, 76.81
1629272011, 0, 18, 148, 143, 48, 0.04%, 3, 0, 2, 108.49
1629273776, 0, 18, 148, 143, 48, 0.04%, 4, 0, 2, 30.31
1629273791, 0, 18, 149, 144, 48, 0.04%, 4, 0, 3, 33.36
1629279575, 0, 18, 151, 146, 48, 0.04%, 4, 0, 3, 45.10
1629279580, 0, 18, 152, 147, 48, 0.04%, 4, 0, 3, 48.57
1629279641, 0, 18, 153, 148, 48, 0.04%, 4, 0, 3, 45.61
1629279728, 0, 18, 154, 149, 48, 0.04%, 4, 0, 3, 47.27
1629279856, 0, 18, 155, 150, 48, 0.04%, 4, 0, 3, 41.01
1629279887, 0, 18, 156, 151, 48, 0.04%, 4, 0, 3, 48.86
1629279943, 0, 20, 156, 150, 49, 0.04%, 4, 0, 3, 36.80
1629280793, 0, 20, 157, 151, 49, 0.04%, 4, 0, 3, 23.16
1629287491, 0, 20, 158, 152, 49, 0.04%, 4, 0, 3, 45.10
1629287522, 0, 24, 158, 151, 49, 0.04%, 4, 0, 3, 42.39
1629287527, 0, 24, 159, 152, 49, 0.04%, 4, 0, 3, 36.93
1629287654, 0, 24, 160, 153, 49, 0.04%, 4, 0, 3, 35.92
1629287915, 0, 24, 161, 154, 49, 0.04%, 4, 0, 3, 39.45
1629288064, 0, 24, 163, 156, 49, 0.04%, 4, 0, 3, 37.80
1629288741, 0, 24, 163, 156, 49, 0.04%, 5, 0, 3, 30.57
1629288762, 0, 24, 164, 157, 49, 0.04%, 5, 0, 3, 30.18
1629292392, 0, 26, 164, 156, 50, 0.04%, 5, 0, 3, 48.83
1629292408, 0, 26, 165, 157, 50, 0.04%, 5, 0, 3, 38.85
1629292531, 0, 26, 166, 158, 50, 0.04%, 5, 0, 3, 37.60
1629292536, 0, 26, 167, 159, 50, 0.04%, 5, 0, 3, 38.73
1629292551, 0, 26, 168, 160, 50, 0.04%, 5, 0, 3, 38.21
1629292561, 0, 26, 169, 161, 50, 0.04%, 5, 0, 3, 38.84
1629292823, 0, 26, 170, 162, 50, 0.04%, 5, 0, 3, 119.69
1629292834, 0, 29, 170, 161, 51, 0.04%, 5, 0, 3, 24.45
1629298970, 0, 29, 171, 162, 51, 0.04%, 5, 0, 3, 49.41
1629298995, 0, 34, 171, 161, 50, 0.04%, 5, 0, 3, 42.27
1629300388, 0, 34, 171, 161, 50, 0.04%, 6, 0, 3, 30.50
1629305019, 0, 37, 171, 160, 49, 0.04%, 6, 0, 3, 41.57
1629306269, 0, 37, 172, 161, 49, 0.04%, 6, 0, 3, 30.30
1629309890, 0, 38, 172, 160, 48, 0.04%, 6, 0, 3, 51.16
1629310028, 0, 38, 173, 161, 48, 0.04%, 6, 0, 3, 37.92
1629310326, 0, 39, 173, 160, 47, 0.04%, 6, 0, 3, 73.45
1629310331, 0, 39, 174, 161, 47, 0.04%, 6, 0, 3, 50.81
1629310763, 0, 41, 174, 160, 46, 0.04%, 6, 0, 3, 31.05
1629310976, 0, 41, 175, 161, 46, 0.04%, 6, 0, 3, 23.70
1629312159, 0, 41, 175, 161, 46, 0.04%, 7, 0, 3, 30.62
1629312440, 0, 41, 176, 162, 46, 0.04%, 7, 0, 3, 23.62
1629312445, 0, 41, 177, 163, 46, 0.04%, 7, 0, 3, 24.17
1629312455, 0, 41, 178, 164, 46, 0.04%, 7, 0, 3, 23.72
1629316770, 0, 45, 178, 163, 49, 0.04%, 7, 0, 3, 41.31
1629318265, 0, 45, 178, 163, 49, 0.04%, 8, 0, 3, 30.41
1629319128, 0, 45, 179, 164, 49, 0.04%, 8, 0, 3, 23.36
1629322899, 0, 46, 179, 163, 48, 0.04%, 8, 0, 3, 49.34
1629324181, 0, 46, 179, 163, 48, 0.04%, 9, 0, 3, 30.95
1629327247, 0, 46, 180, 164, 48, 0.04%, 9, 0, 3, 51.21
1629327272, 0, 48, 180, 163, 47, 0.04%, 9, 0, 3, 50.99
1629331858, 0, 49, 180, 162, 46, 0.04%, 9, 0, 3, 59.53
1629332295, 0, 50, 180, 161, 45, 0.04%, 9, 0, 3, 75.23
1629332500, 0, 50, 181, 162, 45, 0.04%, 9, 0, 3, 38.07
1629332726, 0, 51, 181, 161, 44, 0.04%, 9, 0, 3, 22.20
1629332925, 0, 51, 182, 162, 44, 0.04%, 9, 0, 3, 26.47
1629334241, 0, 51, 182, 162, 44, 0.04%, 10, 0, 3, 31.49
1629338837, 0, 53, 182, 161, 43, 0.04%, 10, 0, 3, 52.92
1629339001, 0, 53, 183, 162, 43, 0.04%, 10, 0, 3, 38.83
1629339268, 0, 53, 184, 163, 43, 0.04%, 10, 0, 3, 70.09
1629339283, 0, 54, 184, 162, 43, 0.04%, 10, 0, 3, 29.24
1629339482, 0, 54, 185, 163, 43, 0.04%, 10, 0, 3, 25.26
1629339726, 0, 54, 186, 164, 43, 0.04%, 10, 0, 3, 24.60
1629340797, 0, 54, 186, 164, 43, 0.04%, 11, 0, 3, 30.64
1629345408, 0, 58, 186, 163, 42, 0.04%, 11, 0, 3, 33.60
1629345413, 0, 58, 188, 165, 42, 0.04%, 11, 0, 3, 30.85
1629345469, 0, 58, 190, 167, 42, 0.04%, 11, 0, 3, 28.58
1629345525, 0, 58, 191, 168, 42, 0.04%, 11, 0, 3, 20.56
1629345592, 0, 58, 192, 169, 42, 0.04%, 11, 0, 3, 21.99
1629345602, 0, 58, 193, 170, 42, 0.04%, 11, 0, 3, 32.95
1629345607, 0, 58, 195, 172, 42, 0.04%, 11, 0, 3, 30.43
1629345878, 0, 58, 197, 174, 42, 0.04%, 11, 0, 3, 30.33
1629345985, 0, 58, 199, 176, 42, 0.04%, 11, 0, 3, 33.80
1629346158, 0, 58, 200, 177, 42, 0.04%, 11, 0, 3, 38.22
1629346163, 0, 58, 201, 178, 42, 0.04%, 11, 0, 3, 36.95
1629346168, 0, 58, 203, 180, 42, 0.04%, 11, 0, 3, 27.60
1629346173, 0, 58, 204, 181, 42, 0.04%, 11, 0, 3, 32.17
1629347122, 0, 58, 205, 182, 42, 0.04%, 11, 0, 3, 32.69
1629347142, 0, 58, 206, 183, 42, 0.05%, 11, 0, 3, 34.29
1629347147, 0, 58, 208, 185, 42, 0.05%, 11, 0, 3, 26.02
1629347153, 0, 58, 210, 187, 42, 0.05%, 11, 0, 3, 20.34
1629347163, 0, 58, 211, 188, 42, 0.05%, 11, 0, 3, 19.10
1629347168, 0, 58, 214, 191, 42, 0.05%, 11, 0, 3, 19.11
1629347173, 0, 58, 216, 193, 42, 0.05%, 11, 0, 3, 20.08
1629347178, 0, 58, 218, 195, 42, 0.05%, 11, 0, 3, 23.23
1629347183, 0, 58, 219, 196, 42, 0.05%, 11, 0, 3, 30.74
