# unix_time, cycles_done, cur_path, paths_total, pending_total, pending_favs, map_size, unique_crashes, unique_hangs, max_depth, execs_per_sec
1654174074, 0, 0, 1, 1, 1, 0.03%, 0, 0, 1, 0.19
1654174095, 0, 0, 4, 4, 1, 0.03%, 0, 0, 2, 2.92
1654174111, 0, 0, 5, 5, 1, 0.03%, 0, 0, 2, 3.04
1654174194, 0, 0, 6, 6, 1, 0.03%, 0, 0, 2, 3.06
1654174204, 0, 0, 7, 7, 1, 0.03%, 0, 0, 2, 3.02
1654174282, 0, 0, 8, 8, 1, 0.03%, 0, 0, 2, 3.03
1654174319, 0, 0, 9, 9, 1, 0.03%, 0, 0, 2, 4.71
1654174418, 0, 0, 10, 10, 1, 0.03%, 0, 0, 2, 2.81
1654174538, 0, 0, 11, 11, 1, 0.03%, 0, 0, 2, 2.86
1654174596, 0, 0, 12, 12, 1, 0.03%, 0, 0, 2, 3.01
1654174658, 0, 0, 13, 13, 1, 0.03%, 0, 0, 2, 3.02
1654174689, 0, 0, 14, 14, 1, 0.03%, 0, 0, 2, 2.87
1654174783, 0, 0, 15, 15, 1, 0.03%, 0, 0, 2, 2.96
1654174865, 0, 0, 16, 16, 1, 0.03%, 0, 0, 2, 2.84
1654175490, 0, 0, 17, 17, 1, 0.03%, 0, 0, 2, 5.94
1654176430, 0, 0, 19, 19, 1, 0.03%, 0, 0, 2, 52.53
1654176435, 0, 0, 22, 22, 1, 0.03%, 0, 0, 2, 21.86
1654176440, 0, 0, 24, 24, 1, 0.03%, 0, 0, 2, 3.08
1654176445, 0, 0, 27, 27, 1, 0.03%, 0, 0, 2, 3.14
1654176861, 0, 0, 28, 28, 1, 0.03%, 0, 0, 2, 3.06
1654177513, 0, 0, 29, 29, 1, 0.03%, 0, 0, 2, 3.07
1654178031, 0, 0, 30, 30, 1, 0.03%, 0, 0, 2, 32.07
1654178036, 0, 0, 31, 31, 1, 0.03%, 0, 0, 2, 3.03
1654178041, 0, 0, 32, 32, 1, 0.03%, 0, 0, 2, 30.36
1654178160, 0, 0, 34, 34, 1, 0.03%, 0, 0, 2, 9.08
1654178165, 0, 0, 35, 35, 1, 0.03%, 0, 0, 2, 13.56
1654178170, 0, 0, 37, 37, 1, 0.03%, 0, 0, 2, 11.99
1654178175, 0, 0, 38, 38, 1, 0.03%, 0, 0, 2, 13.66
1654178180, 0, 0, 40, 40, 1, 0.03%, 0, 0, 2, 10.95
1654178185, 0, 0, 42, 42, 1, 0.03%, 0, 0, 2, 11.03
1654178190, 0, 0, 43, 43, 1, 0.03%, 1, 0, 2, 11.96
1654178195, 0, 0, 45, 45, 1, 0.04%, 1, 0, 2, 11.19
1654178201, 0, 0, 46, 46, 1, 0.04%, 1, 0, 2, 2.38
1654178211, 0, 0, 47, 47, 1, 0.04%, 1, 0, 2, 12.09
1654178216, 0, 0, 48, 48, 1, 0.05%, 1, 0, 2, 11.38
1654178222, 0, 0, 49, 49, 1, 0.05%, 1, 0, 2, 2.54
1654178232, 0, 0, 50, 50, 1, 0.05%, 1, 0, 2, 7.53
1654178237, 0, 0, 51, 51, 1, 0.05%, 1, 0, 2, 5.62
1654178247, 0, 0, 53, 53, 1, 0.06%, 1, 0, 2, 11.23
1654178257, 0, 0, 54, 54, 1, 0.06%, 1, 0, 2, 8.43
1654178278, 0, 0, 55, 55, 1, 0.06%, 1, 0, 2, 12.37
1654178283, 0, 0, 56, 56, 1, 0.06%, 1, 0, 2, 8.56
1654178288, 0, 0, 57, 57, 1, 0.06%, 1, 0, 2, 8.55
1654178293, 0, 0, 58, 58, 1, 0.06%, 1, 0, 2, 10.43
1654178298, 0, 0, 59, 59, 1, 0.06%, 1, 0, 2, 12.17
1654178303, 0, 0, 60, 60, 1, 0.06%, 1, 0, 2, 8.90
1654178309, 0, 0, 62, 62, 1, 0.06%, 1, 0, 2, 11.23
1654178324, 0, 0, 63, 63, 1, 0.06%, 1, 0, 2, 2.88
1654178334, 0, 0, 64, 64, 1, 0.06%, 1, 0, 2, 7.32
1654178350, 0, 0, 65, 65, 1, 0.06%, 1, 0, 2, 10.25
1654178355, 0, 0, 66, 66, 1, 0.06%, 1, 0, 2, 11.36
1654178360, 0, 0, 67, 67, 1, 0.06%, 1, 0, 2, 11.98
1654178365, 0, 0, 69, 69, 1, 0.06%, 1, 0, 2, 12.25
1654178370, 0, 0, 70, 70, 1, 0.06%, 1, 0, 2, 13.00
1654178375, 0, 0, 72, 72, 1, 0.06%, 1, 0, 2, 8.01
1654178380, 0, 0, 73, 73, 1, 0.06%, 1, 0, 2, 10.69
1654178385, 0, 0, 74, 74, 1, 0.06%, 1, 0, 2, 12.07
1654178391, 0, 0, 75, 75, 1, 0.06%, 1, 0, 2, 12.79
1654178401, 0, 0, 76, 76, 1, 0.06%, 1, 0, 2, 13.60
1654178406, 0, 0, 77, 77, 1, 0.06%, 1, 0, 2, 11.06
1654178427, 0, 0, 78, 78, 1, 0.07%, 1, 0, 2, 12.05
1654178447, 0, 0, 79, 79, 1, 0.07%, 1, 0, 2, 12.38
1654178468, 0, 0, 80, 80, 1, 0.07%, 1, 0, 2, 13.45
1654178473, 0, 0, 81, 81, 1, 0.07%, 1, 0, 2, 9.22
1654178478, 0, 0, 83, 83, 1, 0.07%, 1, 0, 2, 12.89
1654184832, 0, 0, 84, 84, 1, 0.07%, 1, 0, 2, 3.05
1654184911, 0, 0, 85, 85, 1, 0.07%, 1, 0, 2, 3.07
1654185170, 0, 0, 86, 86, 1, 0.07%, 1, 0, 2, 3.10
1654216414, 0, 0, 87, 87, 1, 0.07%, 1, 0, 2, 3.11
1654218086, 0, 0, 88, 88, 1, 0.07%, 1, 0, 2, 7.45
1654218158, 0, 2, 88, 87, 37, 0.07%, 1, 0, 2, 137.45
1654218249, 0, 3, 88, 86, 36, 0.07%, 1, 0, 2, 32.75
1654222757, 0, 8, 88, 85, 35, 0.07%, 1, 0, 2, 73.28
1654222773, 0, 8, 89, 86, 35, 0.07%, 1, 0, 3, 84.24
1654222814, 0, 8, 90, 87, 35, 0.07%, 1, 0, 3, 71.88
1654222870, 0, 8, 91, 88, 35, 0.07%, 1, 0, 3, 56.31
1654223397, 0, 8, 92, 89, 35, 0.07%, 1, 0, 3, 70.97
1654223402, 0, 14, 92, 88, 34, 0.07%, 1, 0, 3, 2.57
1654225011, 0, 14, 92, 88, 34, 0.07%, 2, 0, 3, 12.69
1654243546, 0, 19, 92, 87, 33, 0.07%, 2, 0, 3, 125.58
1654243996, 0, 19, 93, 88, 33, 0.07%, 2, 0, 3, 35.34
1654244492, 0, 19, 94, 89, 33, 0.07%, 2, 0, 3, 14.00
1654244512, 0, 19, 95, 90, 33, 0.07%, 2, 0, 3, 12.80
1654244701, 0, 19, 97, 92, 33, 0.07%, 2, 0, 3, 13.91
1654244711, 0, 19, 98, 93, 33, 0.07%, 2, 0, 3, 15.51
1654252596, 0, 21, 98, 92, 34, 0.07%, 2, 0, 3, 45.03
1654253114, 0, 21, 99, 93, 34, 0.07%, 2, 0, 3, 13.28
1654255903, 0, 26, 99, 92, 34, 0.07%, 2, 0, 3, 124.41
1654256314, 0, 26, 100, 93, 34, 0.07%, 2, 0, 3, 13.22
1654256381, 0, 26, 101, 94, 34, 0.07%, 2, 0, 3, 8.95
1654256401, 0, 26, 102, 95, 34, 0.07%, 2, 0, 3, 9.58
1654256417, 0, 26, 103, 96, 34, 0.07%, 2, 0, 3, 13.33
1654258476, 0, 27, 103, 95, 33, 0.07%, 2, 0, 3, 3.19
1654262374, 0, 27, 103, 95, 33, 0.07%, 3, 0, 3, 12.91
1654285235, 0, 27, 104, 96, 33, 0.07%, 3, 0, 3, 2.96
1654285318, 0, 27, 105, 97, 33, 0.07%, 3, 0, 3, 3.06
1654285375, 0, 27, 106, 98, 33, 0.07%, 3, 0, 3, 2.99
1654285578, 0, 27, 107, 99, 33, 0.07%, 3, 0, 3, 3.05
1654302418, 0, 28, 107, 98, 36, 0.07%, 3, 0, 3, 19.23
1654306386, 0, 28, 107, 98, 36, 0.07%, 4, 0, 3, 13.79
1654313076, 0, 28, 108, 99, 36, 0.07%, 4, 0, 3, 3.04
1654346254, 0, 30, 108, 98, 35, 0.07%, 4, 0, 3, 12.49
1654391423, 0, 30, 109, 99, 35, 0.07%, 4, 0, 3, 20.79
1654391480, 0, 31, 109, 98, 34, 0.07%, 4, 0, 3, 4.26
1654398730, 0, 34, 109, 97, 33, 0.07%, 4, 0, 3, 45.25
1654403818, 0, 34, 110, 98, 33, 0.07%, 4, 0, 3, 32.50
1654403833, 0, 38, 110, 97, 32, 0.07%, 4, 0, 3, 6.55
1654435503, 0, 39, 110, 96, 31, 0.07%, 4, 0, 3, 37.53
1654436681, 0, 39, 111, 97, 31, 0.07%, 4, 0, 3, 13.25
1654436747, 0, 39, 112, 98, 31, 0.07%, 4, 0, 3, 13.68
1654436921, 0, 39, 112, 98, 31, 0.07%, 5, 0, 3, 11.66
1654447013, 0, 43, 112, 97, 32, 0.07%, 5, 0, 3, 46.45
1654447110, 0, 43, 113, 98, 32, 0.07%, 5, 0, 3, 12.74
1654448555, 0, 43, 114, 99, 32, 0.07%, 5, 0, 3, 13.48
1654448560, 0, 43, 115, 100, 32, 0.07%, 5, 0, 3, 7.81
1654460450, 0, 44, 115, 99, 32, 0.07%, 5, 0, 3, 6.80
1654460481, 0, 44, 116, 100, 32, 0.07%, 5, 0, 3, 8.74
1654460583, 0, 44, 117, 101, 32, 0.07%, 5, 0, 3, 7.83
1654464096, 0, 44, 118, 102, 32, 0.07%, 5, 0, 3, 11.51
1654464111, 0, 44, 119, 103, 32, 0.07%, 5, 0, 3, 12.32
1654475410, 0, 44, 120, 104, 32, 0.07%, 5, 0, 3, 8.47
1654478627, 0, 45, 120, 103, 34, 0.07%, 5, 0, 3, 2.31
