# unix_time, cycles_done, cur_path, paths_total, pending_total, pending_favs, map_size, unique_crashes, unique_hangs, max_depth, execs_per_sec
1629262911, 0, 0, 1, 1, 1, 0.01%, 0, 0, 1, 0.17
1629262916, 0, 0, 7, 7, 1, 0.02%, 0, 0, 2, 28.81
1629262921, 0, 0, 11, 11, 1, 0.02%, 0, 0, 2, 27.66
1629262926, 0, 0, 14, 14, 1, 0.02%, 0, 0, 2, 26.55
1629262947, 0, 0, 15, 15, 1, 0.02%, 0, 0, 2, 24.19
1629262952, 0, 0, 17, 17, 1, 0.03%, 0, 0, 2, 21.15
1629262957, 0, 0, 18, 18, 1, 0.03%, 0, 0, 2, 21.06
1629262962, 0, 0, 21, 21, 1, 0.03%, 0, 0, 2, 20.65
1629262972, 0, 0, 28, 28, 1, 0.03%, 0, 0, 2, 37.14
1629262982, 0, 0, 29, 29, 1, 0.03%, 0, 0, 2, 29.11
1629263008, 0, 0, 30, 30, 1, 0.03%, 0, 0, 2, 26.55
1629263013, 0, 0, 32, 32, 1, 0.03%, 0, 0, 2, 138.43
1629263018, 0, 0, 35, 35, 1, 0.03%, 0, 0, 2, 54.76
1629263054, 0, 0, 36, 36, 1, 0.03%, 0, 0, 2, 31.02
1629263069, 0, 0, 40, 40, 1, 0.03%, 0, 0, 2, 44.16
1629263079, 0, 0, 41, 41, 1, 0.03%, 0, 0, 2, 41.73
1629263084, 0, 0, 43, 43, 1, 0.03%, 0, 0, 2, 31.28
1629263100, 0, 0, 45, 45, 1, 0.03%, 0, 0, 2, 33.55
1629263140, 0, 0, 46, 46, 1, 0.03%, 0, 0, 2, 30.04
1629263197, 0, 0, 47, 47, 1, 0.03%, 0, 0, 2, 22.87
1629263227, 0, 0, 48, 48, 1, 0.03%, 0, 0, 2, 30.12
1629263232, 0, 0, 49, 49, 1, 0.03%, 0, 0, 2, 35.76
1629263253, 0, 0, 51, 51, 1, 0.03%, 0, 0, 2, 41.04
1629263258, 0, 0, 52, 52, 1, 0.03%, 0, 0, 2, 33.67
1629263273, 0, 0, 54, 54, 1, 0.03%, 0, 0, 2, 47.86
1629263288, 0, 0, 55, 55, 1, 0.03%, 0, 0, 2, 31.87
1629263350, 0, 0, 58, 58, 1, 0.03%, 0, 0, 2, 46.32
1629263478, 0, 0, 59, 59, 1, 0.03%, 0, 0, 2, 93.84
1629263483, 0, 0, 64, 64, 1, 0.03%, 0, 0, 2, 57.47
1629263488, 0, 0, 70, 70, 1, 0.03%, 0, 0, 2, 49.57
1629263493, 0, 0, 72, 72, 1, 0.03%, 0, 0, 2, 47.70
1629263544, 0, 0, 77, 77, 1, 0.03%, 0, 0, 2, 32.66
1629263625, 0, 0, 78, 78, 1, 0.03%, 0, 0, 2, 28.52
1629263979, 0, 0, 79, 79, 1, 0.03%, 0, 0, 2, 25.72
1629264086, 0, 0, 81, 81, 1, 0.03%, 0, 0, 2, 23.82
1629264096, 0, 0, 82, 82, 1, 0.03%, 0, 0, 2, 21.52
1629264168, 0, 0, 83, 83, 1, 0.03%, 0, 0, 2, 240.86
1629264193, 0, 0, 84, 84, 1, 0.03%, 0, 0, 2, 47.03
1629264199, 0, 0, 85, 85, 1, 0.03%, 1, 0, 2, 37.39
1629264204, 0, 0, 86, 86, 1, 0.03%, 1, 0, 2, 35.79
1629264209, 0, 0, 91, 91, 1, 0.03%, 1, 0, 2, 36.22
1629264214, 0, 0, 94, 94, 1, 0.03%, 1, 0, 2, 40.98
1629264219, 0, 0, 98, 98, 1, 0.03%, 1, 0, 2, 38.60
1629264234, 0, 0, 100, 100, 1, 0.03%, 1, 0, 2, 38.74
1629264239, 0, 0, 102, 102, 1, 0.03%, 1, 0, 2, 43.42
1629264260, 0, 0, 103, 103, 1, 0.03%, 1, 0, 2, 47.77
1629264429, 0, 0, 104, 104, 1, 0.03%, 1, 0, 2, 28.98
1629264434, 0, 0, 106, 106, 1, 0.03%, 1, 0, 2, 28.98
1629264455, 0, 0, 107, 107, 1, 0.03%, 1, 0, 2, 28.75
1629264619, 0, 0, 108, 108, 1, 0.03%, 1, 0, 2, 29.14
1629264879, 0, 0, 109, 109, 1, 0.03%, 1, 0, 2, 29.12
1629266667, 0, 0, 110, 110, 1, 0.03%, 1, 0, 2, 22.18
1629267325, 0, 0, 111, 111, 1, 0.03%, 1, 0, 2, 21.07
1629267978, 0, 0, 112, 112, 1, 0.03%, 1, 0, 2, 37.97
1629268009, 0, 0, 115, 115, 1, 0.03%, 1, 0, 2, 38.46
1629268014, 0, 0, 121, 121, 1, 0.03%, 1, 0, 2, 48.04
1629268024, 0, 0, 122, 122, 1, 0.03%, 1, 0, 2, 57.62
1629268039, 0, 0, 123, 123, 1, 0.03%, 1, 0, 2, 56.18
1629268070, 0, 0, 124, 124, 1, 0.03%, 1, 0, 2, 61.89
1629268080, 0, 0, 125, 125, 1, 0.03%, 1, 0, 2, 60.50
1629268101, 0, 0, 126, 126, 1, 0.03%, 1, 0, 2, 56.36
1629268111, 0, 0, 127, 127, 1, 0.03%, 1, 0, 2, 60.83
1629268116, 0, 0, 128, 128, 1, 0.03%, 1, 0, 2, 62.26
1629268152, 0, 0, 130, 130, 1, 0.03%, 1, 0, 2, 56.83
1629268167, 0, 0, 131, 131, 1, 0.03%, 1, 0, 2, 62.21
1629268198, 0, 0, 132, 132, 1, 0.03%, 1, 0, 2, 55.14
1629268229, 0, 0, 133, 133, 1, 0.03%, 1, 0, 2, 56.48
1629268244, 0, 0, 134, 134, 1, 0.03%, 1, 0, 2, 54.52
1629268260, 0, 0, 135, 135, 1, 0.03%, 1, 0, 2, 58.84
1629268265, 0, 0, 137, 137, 1, 0.03%, 1, 0, 2, 50.52
1629268321, 0, 0, 138, 138, 1, 0.03%, 1, 0, 2, 54.20
1629268362, 0, 0, 139, 139, 1, 0.03%, 1, 0, 2, 62.88
1629268495, 0, 0, 140, 140, 1, 0.03%, 1, 0, 2, 58.10
1629268556, 0, 7, 140, 139, 49, 0.03%, 1, 0, 2, 58.05
1629268608, 0, 7, 141, 140, 49, 0.03%, 1, 0, 3, 69.32
1629268912, 0, 8, 141, 139, 49, 0.03%, 1, 0, 3, 75.87
1629269020, 0, 8, 141, 139, 49, 0.03%, 2, 0, 3, 48.01
1629269308, 0, 9, 141, 138, 48, 0.03%, 2, 0, 3, 119.49
1629269665, 0, 20, 141, 137, 47, 0.03%, 2, 0, 3, 23.48
1629271152, 0, 20, 142, 138, 47, 0.03%, 2, 0, 3, 35.18
1629271408, 0, 20, 143, 139, 47, 0.03%, 2, 0, 3, 20.81
1629276064, 0, 20, 143, 139, 47, 0.03%, 3, 0, 3, 48.57
1629276079, 0, 23, 143, 138, 48, 0.03%, 3, 0, 3, 53.72
1629276504, 0, 23, 144, 139, 48, 0.03%, 3, 0, 3, 53.69
1629276509, 0, 23, 145, 140, 48, 0.03%, 3, 0, 3, 48.97
1629279905, 0, 24, 145, 139, 47, 0.03%, 3, 0, 3, 66.19
1629280018, 0, 24, 146, 140, 47, 0.03%, 3, 0, 3, 46.82
1629280237, 0, 24, 147, 141, 47, 0.03%, 3, 0, 3, 123.39
1629280360, 0, 24, 149, 143, 47, 0.03%, 3, 0, 3, 49.20
1629280927, 0, 24, 149, 143, 47, 0.03%, 4, 0, 3, 36.77
1629280943, 0, 24, 150, 144, 47, 0.03%, 4, 0, 3, 38.27
1629280963, 0, 24, 151, 145, 47, 0.03%, 4, 0, 3, 46.07
1629283991, 0, 26, 151, 144, 48, 0.03%, 4, 0, 3, 68.46
1629284006, 0, 26, 152, 145, 48, 0.03%, 4, 0, 3, 57.10
1629284108, 0, 26, 153, 146, 48, 0.03%, 4, 0, 3, 46.95
1629284114, 0, 26, 154, 147, 48, 0.03%, 4, 0, 3, 47.79
1629284124, 0, 26, 155, 148, 48, 0.04%, 4, 0, 3, 46.95
1629284345, 0, 26, 156, 149, 48, 0.04%, 4, 0, 3, 127.81
1629284356, 0, 28, 156, 148, 46, 0.04%, 4, 0, 3, 111.59
1629284675, 0, 28, 157, 149, 46, 0.04%, 4, 0, 3, 51.93
1629284685, 0, 28, 159, 151, 46, 0.04%, 4, 0, 3, 49.24
1629284788, 0, 30, 159, 150, 45, 0.04%, 4, 0, 3, 73.57
1629284916, 0, 30, 160, 151, 45, 0.04%, 4, 0, 3, 49.44
1629285133, 0, 35, 160, 150, 44, 0.04%, 4, 0, 3, 121.13
1629285663, 0, 35, 161, 151, 44, 0.04%, 4, 0, 3, 271.09
1629286390, 0, 35, 161, 151, 44, 0.04%, 5, 0, 3, 37.41
1629290204, 0, 36, 161, 150, 44, 0.04%, 5, 0, 3, 112.78
1629290296, 0, 37, 161, 149, 43, 0.04%, 5, 0, 3, 101.81
1629290744, 0, 37, 162, 150, 43, 0.04%, 5, 0, 3, 54.23
1629294392, 0, 38, 162, 149, 42, 0.04%, 5, 0, 3, 65.78
1629294506, 0, 38, 163, 150, 42, 0.04%, 5, 0, 3, 48.42
1629294743, 0, 39, 163, 149, 41, 0.04%, 5, 0, 3, 128.82
1629294753, 0, 39, 164, 150, 41, 0.04%, 5, 0, 3, 97.29
1629294759, 0, 39, 165, 151, 41, 0.04%, 5, 0, 3, 57.97
1629295094, 0, 41, 165, 150, 42, 0.04%, 5, 0, 3, 28.49
1629295272, 0, 41, 166, 151, 42, 0.04%, 5, 0, 3, 29.42
1629296245, 0, 41, 166, 151, 42, 0.04%, 6, 0, 3, 37.08
1629296465, 0, 41, 167, 152, 42, 0.04%, 6, 0, 3, 29.07
1629296470, 0, 41, 168, 153, 42, 0.04%, 6, 0, 3, 29.05
1629296481, 0, 41, 169, 154, 42, 0.04%, 6, 0, 3, 29.10
1629300020, 0, 44, 169, 153, 44, 0.04%, 6, 0, 3, 46.49
1629300225, 0, 44, 170, 154, 44, 0.04%, 6, 0, 3, 29.98
1629300337, 0, 44, 171, 155, 44, 0.04%, 6, 0, 3, 36.15
1629301272, 0, 44, 171, 155, 44, 0.04%, 7, 0, 3, 37.12
1629305063, 0, 46, 171, 154, 44, 0.04%, 7, 0, 3, 47.34
1629308619, 0, 48, 171, 153, 43, 0.04%, 7, 0, 3, 54.56
1629308834, 0, 48, 172, 154, 43, 0.04%, 7, 0, 3, 37.36
1629312420, 0, 48, 173, 155, 43, 0.04%, 7, 0, 3, 65.35
1629312425, 0, 48, 174, 156, 43, 0.04%, 7, 0, 3, 66.64
1629312430, 0, 48, 175, 157, 43, 0.04%, 7, 0, 3, 67.52
1629312532, 0, 49, 175, 156, 43, 0.04%, 7, 0, 3, 66.52
1629312639, 0, 49, 175, 156, 43, 0.04%, 8, 0, 3, 48.59
1629312876, 0, 49, 176, 157, 43, 0.04%, 8, 0, 3, 122.22
1629312887, 0, 51, 176, 156, 42, 0.04%, 8, 0, 3, 69.76
1629314128, 0, 51, 176, 156, 42, 0.04%, 9, 0, 3, 37.68
1629317929, 0, 52, 176, 155, 41, 0.04%, 9, 0, 3, 57.04
1629318058, 0, 52, 177, 156, 41, 0.04%, 9, 0, 3, 47.89
1629318280, 0, 53, 177, 155, 41, 0.04%, 9, 0, 3, 119.30
1629318637, 0, 54, 177, 154, 40, 0.04%, 9, 0, 3, 89.12
1629318800, 0, 54, 178, 155, 40, 0.04%, 9, 0, 3, 31.20
1629319321, 0, 54, 179, 156, 40, 0.04%, 9, 0, 3, 28.84
1629319884, 0, 54, 179, 156, 40, 0.04%, 10, 0, 3, 37.93
1629323683, 0, 58, 179, 155, 39, 0.04%, 10, 0, 3, 62.17
1629323703, 0, 58, 180, 156, 39, 0.04%, 10, 0, 3, 49.98
1629323796, 0, 58, 181, 157, 39, 0.04%, 10, 0, 3, 48.45
1629324033, 0, 60, 181, 156, 38, 0.04%, 10, 0, 3, 104.90
1629324146, 0, 60, 182, 157, 38, 0.04%, 10, 0, 3, 48.45
1629324321, 0, 60, 183, 158, 38, 0.04%, 10, 0, 3, 48.43
1629324378, 0, 60, 184, 159, 38, 0.04%, 10, 0, 3, 108.20
1629324393, 0, 71, 184, 158, 37, 0.04%, 10, 0, 3, 76.02
1629324708, 0, 71, 185, 159, 37, 0.04%, 10, 0, 3, 47.49
1629325384, 0, 73, 185, 158, 36, 0.04%, 10, 0, 3, 75.72
1629326804, 0, 73, 185, 158, 36, 0.04%, 11, 0, 3, 38.41
1629329195, 0, 73, 186, 159, 36, 0.04%, 11, 0, 3, 21.79
1629331490, 0, 75, 186, 158, 35, 0.04%, 11, 0, 3, 53.11
1629332322, 0, 75, 187, 159, 35, 0.04%, 11, 0, 3, 31.76
1629332675, 0, 75, 187, 159, 35, 0.04%, 12, 0, 3, 38.49
1629336455, 0, 75, 188, 160, 35, 0.04%, 12, 0, 3, 53.66
1629336486, 0, 78, 188, 159, 35, 0.04%, 12, 0, 3, 47.44
1629337899, 0, 78, 188, 159, 35, 0.04%, 13, 0, 3, 36.68
1629338151, 0, 78, 189, 160, 35, 0.04%, 13, 0, 3, 22.03
1629342556, 0, 78, 190, 161, 35, 0.04%, 13, 0, 3, 37.85
1629342617, 0, 79, 190, 160, 35, 0.04%, 13, 0, 3, 47.33
1629343982, 0, 79, 191, 161, 35, 0.04%, 13, 0, 3, 40.80
1629348830, 0, 82, 191, 160, 34, 0.04%, 13, 0, 3, 57.56
1629348907, 0, 82, 192, 161, 34, 0.04%, 13, 0, 3, 55.47
1629349283, 0, 82, 193, 162, 34, 0.04%, 13, 0, 3, 122.34
1629349288, 0, 84, 193, 161, 34, 0.04%, 13, 0, 3, 106.08
1629349355, 0, 84, 194, 162, 34, 0.04%, 13, 0, 3, 43.54
1629350382, 0, 84, 195, 163, 34, 0.04%, 13, 0, 3, 38.59
1629350473, 0, 84, 196, 164, 34, 0.04%, 13, 0, 3, 36.30
1629350489, 0, 84, 197, 165, 34, 0.04%, 13, 0, 3, 40.47
1629350519, 0, 84, 198, 166, 34, 0.04%, 13, 0, 3, 36.78
