# unix_time, cycles_done, cur_path, paths_total, pending_total, pending_favs, map_size, unique_crashes, unique_hangs, max_depth, execs_per_sec
1629106958, 0, 0, 1, 1, 1, 2.26%, 0, 0, 1, 11.11
1629106964, 0, 0, 11, 11, 1, 2.42%, 10, 0, 2, 4.91
1629106969, 0, 0, 52, 52, 1, 2.50%, 10, 0, 2, 122.52
1629106974, 0, 0, 54, 54, 1, 2.50%, 10, 0, 2, 84.26
1629106979, 0, 0, 63, 63, 1, 2.50%, 10, 0, 2, 86.63
1629106984, 0, 0, 65, 65, 1, 2.50%, 10, 0, 2, 62.60
1629106990, 0, 0, 75, 75, 1, 2.53%, 10, 0, 2, 62.13
1629106995, 0, 0, 79, 79, 1, 2.53%, 10, 0, 2, 59.17
1629107000, 0, 0, 83, 83, 1, 2.56%, 10, 0, 2, 52.79
1629107005, 0, 0, 92, 92, 1, 2.57%, 10, 0, 2, 63.26
1629107010, 0, 0, 93, 93, 1, 2.57%, 10, 0, 2, 56.45
1629107020, 0, 0, 96, 96, 1, 2.57%, 10, 0, 2, 53.80
1629107030, 0, 0, 97, 97, 1, 2.58%, 10, 0, 2, 54.28
1629107045, 0, 0, 101, 101, 1, 2.59%, 10, 0, 2, 68.23
1629107050, 0, 0, 103, 103, 1, 2.59%, 10, 0, 2, 55.87
1629107091, 0, 0, 104, 104, 1, 2.59%, 10, 0, 2, 55.60
1629107096, 0, 0, 106, 106, 1, 2.59%, 11, 0, 2, 54.43
1629107101, 0, 0, 108, 108, 1, 2.62%, 11, 0, 2, 102.82
1629107107, 0, 0, 109, 109, 1, 2.62%, 12, 0, 2, 97.37
1629107112, 0, 0, 112, 112, 1, 2.62%, 12, 0, 2, 69.63
1629107122, 0, 0, 116, 116, 1, 2.65%, 12, 0, 2, 62.51
1629107127, 0, 0, 117, 117, 1, 2.67%, 12, 0, 2, 55.36
1629107214, 0, 0, 118, 118, 1, 2.67%, 12, 0, 2, 56.13
1629107224, 0, 0, 119, 119, 1, 2.70%, 12, 0, 2, 54.53
1629107306, 0, 0, 121, 121, 1, 2.70%, 12, 0, 2, 56.07
1629107311, 0, 0, 122, 122, 1, 2.70%, 12, 0, 2, 51.65
1629107336, 0, 0, 123, 123, 1, 2.70%, 12, 0, 2, 55.79
1629107341, 0, 0, 124, 124, 1, 2.70%, 12, 0, 2, 54.58
1629107372, 0, 0, 125, 125, 1, 2.70%, 12, 0, 2, 52.66
1629107382, 0, 0, 126, 126, 1, 2.71%, 12, 0, 2, 66.57
1629107397, 0, 0, 128, 128, 1, 2.71%, 14, 0, 2, 69.33
1629107423, 0, 0, 129, 129, 1, 2.72%, 14, 0, 2, 97.75
1629107549, 0, 0, 130, 130, 1, 2.72%, 14, 0, 2, 80.89
1629107732, 0, 0, 130, 130, 1, 2.72%, 15, 0, 2, 150.15
1629107747, 0, 0, 133, 133, 1, 2.72%, 16, 0, 2, 99.87
1629107753, 0, 0, 134, 134, 1, 2.72%, 16, 0, 2, 73.31
1629107758, 0, 0, 138, 138, 1, 2.72%, 16, 0, 2, 67.69
1629107763, 0, 0, 143, 143, 1, 2.72%, 16, 0, 2, 62.35
1629107768, 0, 0, 149, 149, 1, 2.73%, 16, 0, 2, 57.53
1629107773, 0, 0, 154, 154, 1, 2.74%, 16, 0, 2, 57.92
1629107778, 0, 0, 159, 159, 1, 2.74%, 16, 0, 2, 62.43
1629107783, 0, 0, 160, 160, 1, 2.74%, 16, 0, 2, 59.82
1629107788, 0, 0, 162, 162, 1, 2.74%, 16, 0, 2, 60.74
1629107793, 0, 0, 163, 163, 1, 2.74%, 16, 0, 2, 58.96
1629107819, 0, 0, 164, 164, 1, 2.74%, 16, 0, 2, 64.58
1629107946, 0, 0, 165, 165, 1, 2.74%, 16, 0, 2, 49.22
1629108002, 0, 0, 166, 166, 1, 2.74%, 16, 0, 2, 49.24
1629108120, 0, 0, 167, 167, 1, 2.74%, 16, 0, 2, 49.86
1629108125, 0, 0, 168, 168, 1, 2.74%, 16, 0, 2, 51.02
1629108156, 0, 0, 169, 169, 1, 2.74%, 16, 0, 2, 59.01
1629108211, 0, 0, 170, 170, 1, 2.74%, 16, 0, 2, 49.72
1629108232, 0, 0, 171, 171, 1, 2.74%, 16, 0, 2, 50.86
1629108247, 0, 0, 172, 172, 1, 2.77%, 16, 0, 2, 52.63
1629108252, 0, 0, 173, 173, 1, 2.77%, 16, 0, 2, 55.75
1629108257, 0, 0, 175, 175, 1, 2.78%, 16, 0, 2, 58.61
1629108410, 0, 0, 176, 176, 1, 2.78%, 16, 0, 2, 54.50
1629108415, 0, 0, 177, 177, 1, 2.78%, 16, 0, 2, 50.69
1629108425, 0, 0, 179, 179, 1, 2.78%, 16, 0, 2, 52.59
1629108451, 0, 0, 180, 180, 1, 2.78%, 16, 0, 2, 48.93
1629108461, 0, 0, 181, 181, 1, 2.78%, 16, 0, 2, 56.41
1629108466, 0, 0, 182, 182, 1, 2.78%, 16, 0, 2, 54.42
1629108563, 0, 0, 183, 183, 1, 2.79%, 16, 0, 2, 58.79
1629108624, 0, 0, 184, 184, 1, 2.79%, 16, 0, 2, 70.17
1629108629, 0, 0, 187, 187, 1, 2.81%, 16, 0, 2, 61.51
1629108649, 0, 0, 187, 187, 1, 2.81%, 17, 0, 2, 192.11
1629108659, 0, 0, 199, 199, 1, 2.98%, 17, 0, 2, 83.06
1629108664, 0, 0, 207, 207, 1, 3.18%, 17, 0, 2, 68.60
1629108669, 0, 0, 213, 213, 1, 3.21%, 17, 0, 2, 67.65
1629108674, 0, 0, 221, 221, 1, 3.22%, 17, 0, 2, 67.88
1629108751, 0, 0, 226, 226, 1, 3.22%, 17, 0, 2, 73.40
1629108756, 0, 0, 228, 228, 1, 3.23%, 17, 0, 2, 62.75
1629108847, 0, 0, 229, 229, 1, 3.23%, 17, 0, 2, 64.22
1629108984, 0, 0, 234, 234, 1, 3.23%, 17, 0, 2, 55.23
1629108989, 0, 0, 239, 239, 1, 3.23%, 17, 0, 2, 54.43
1629108994, 0, 0, 247, 247, 1, 3.23%, 17, 0, 2, 55.00
1629108999, 0, 0, 253, 253, 1, 3.23%, 17, 0, 2, 59.58
1629109004, 0, 0, 254, 254, 1, 3.23%, 17, 0, 2, 53.97
1629111786, 0, 0, 255, 255, 1, 3.23%, 17, 0, 2, 50.54
1629111796, 0, 0, 256, 256, 1, 3.23%, 17, 0, 2, 50.34
1629111801, 0, 0, 258, 258, 1, 3.23%, 17, 0, 2, 48.87
1629112015, 0, 0, 259, 259, 1, 3.23%, 17, 0, 2, 56.41
1629112933, 0, 0, 260, 260, 1, 3.23%, 17, 0, 2, 66.13
1629113280, 0, 0, 260, 260, 1, 3.23%, 18, 0, 2, 59.22
1629113285, 0, 0, 273, 273, 1, 3.24%, 18, 0, 2, 88.70
1629113290, 0, 0, 276, 276, 1, 3.24%, 19, 0, 2, 98.22
1629113305, 0, 0, 277, 277, 1, 3.24%, 19, 0, 2, 97.99
1629113311, 0, 0, 279, 279, 1, 3.24%, 19, 0, 2, 95.22
1629113321, 0, 0, 281, 281, 1, 3.24%, 19, 0, 2, 94.72
1629113326, 0, 0, 282, 282, 1, 3.24%, 19, 0, 2, 93.09
1629113341, 0, 0, 283, 283, 1, 3.24%, 19, 0, 2, 93.75
1629113346, 0, 0, 284, 284, 1, 3.24%, 19, 0, 2, 95.33
1629113351, 0, 1, 285, 284, 72, 3.24%, 19, 0, 2, 83.79
1629113356, 0, 1, 286, 285, 72, 3.24%, 19, 0, 3, 73.74
1629113478, 0, 1, 287, 286, 72, 3.24%, 19, 0, 3, 83.06
1629114625, 0, 1, 289, 288, 72, 3.25%, 19, 0, 3, 76.51
1629114640, 0, 1, 290, 289, 72, 3.25%, 19, 0, 3, 69.68
1629114645, 0, 1, 291, 290, 72, 3.26%, 19, 0, 3, 121.14
1629115935, 0, 1, 291, 290, 72, 3.26%, 20, 0, 3, 50.41
1629119104, 0, 1, 292, 291, 72, 3.26%, 20, 0, 3, 75.09
1629119109, 0, 1, 293, 292, 72, 3.26%, 20, 0, 3, 98.74
1629119114, 0, 2, 293, 291, 73, 3.26%, 20, 0, 3, 86.15
1629119130, 0, 2, 294, 292, 73, 3.26%, 20, 0, 3, 59.72
1629119140, 0, 2, 295, 293, 73, 3.26%, 20, 0, 3, 53.61
1629119155, 0, 2, 296, 294, 73, 3.26%, 20, 0, 3, 66.39
1629119242, 0, 2, 297, 295, 73, 3.26%, 20, 0, 3, 113.19
1629119786, 0, 2, 298, 296, 73, 3.26%, 20, 0, 3, 53.96
1629120000, 0, 2, 299, 297, 73, 3.26%, 20, 0, 3, 60.75
1629120016, 0, 2, 300, 298, 73, 3.26%, 20, 0, 3, 60.58
1629120143, 0, 2, 301, 299, 73, 3.26%, 20, 0, 3, 53.91
1629120153, 0, 2, 302, 300, 73, 3.26%, 20, 0, 3, 56.54
1629120326, 0, 2, 303, 301, 73, 3.26%, 20, 0, 3, 70.14
1629124473, 0, 2, 304, 302, 73, 3.26%, 20, 0, 3, 54.47
1629124737, 0, 3, 304, 301, 73, 3.26%, 20, 0, 3, 77.66
1629124855, 0, 3, 307, 304, 73, 3.30%, 20, 0, 3, 60.65
1629124861, 0, 3, 308, 305, 73, 3.30%, 20, 0, 3, 67.58
1629124866, 0, 3, 309, 306, 73, 3.30%, 20, 0, 3, 61.08
1629125562, 0, 3, 310, 307, 73, 3.30%, 20, 0, 3, 58.01
1629125919, 0, 3, 311, 308, 73, 3.30%, 20, 0, 3, 61.01
1629131083, 0, 4, 312, 308, 73, 3.30%, 21, 0, 3, 81.27
1629131109, 0, 4, 313, 309, 73, 3.31%, 21, 0, 3, 54.59
1629131343, 0, 4, 314, 310, 73, 3.31%, 21, 0, 3, 55.37
1629131730, 0, 4, 315, 311, 73, 3.31%, 21, 0, 3, 63.33
1629132366, 0, 4, 316, 312, 73, 3.31%, 21, 0, 3, 75.36
1629136777, 0, 5, 316, 311, 74, 3.31%, 21, 0, 3, 69.32
1629136803, 0, 5, 317, 312, 74, 3.31%, 21, 0, 3, 64.50
1629137249, 0, 5, 318, 313, 74, 3.31%, 21, 0, 3, 64.92
1629137589, 0, 5, 319, 314, 74, 3.31%, 21, 0, 3, 62.77
1629137676, 0, 5, 319, 314, 74, 3.31%, 22, 0, 3, 92.93
1629140226, 0, 5, 320, 315, 74, 3.31%, 22, 0, 3, 63.04
1629141034, 0, 11, 320, 314, 74, 3.31%, 22, 0, 3, 88.47
1629141242, 0, 11, 321, 315, 74, 3.31%, 22, 0, 3, 110.41
1629141532, 0, 11, 321, 315, 74, 3.31%, 23, 0, 3, 99.42
1629143312, 0, 14, 321, 314, 73, 3.31%, 23, 0, 3, 94.20
1629143317, 0, 14, 323, 316, 73, 3.31%, 23, 0, 3, 72.18
1629144078, 0, 14, 324, 317, 73, 3.32%, 23, 0, 3, 61.51
1629144256, 0, 14, 324, 317, 73, 3.32%, 24, 0, 3, 84.74
1629147741, 0, 14, 325, 318, 73, 3.32%, 24, 0, 3, 98.83
1629147746, 0, 14, 326, 319, 73, 3.32%, 24, 0, 3, 102.58
1629147751, 0, 15, 326, 318, 72, 3.32%, 24, 0, 3, 95.61
1629148269, 0, 15, 326, 318, 72, 3.32%, 25, 0, 3, 97.22
1629150061, 0, 18, 326, 317, 71, 3.32%, 25, 0, 3, 78.57
1629150660, 0, 18, 327, 318, 71, 3.32%, 25, 0, 3, 61.20
1629151484, 0, 18, 328, 319, 71, 3.32%, 25, 0, 3, 65.87
1629154204, 0, 18, 329, 320, 71, 3.34%, 25, 0, 3, 54.35
1629155970, 0, 23, 329, 319, 72, 3.34%, 25, 0, 3, 87.05
1629156087, 0, 23, 330, 320, 72, 3.34%, 25, 0, 3, 66.18
1629156925, 0, 23, 330, 320, 72, 3.34%, 26, 0, 3, 87.64
1629157133, 0, 23, 331, 321, 72, 3.34%, 26, 0, 3, 63.86
1629160446, 0, 30, 331, 320, 72, 3.34%, 26, 0, 3, 88.01
1629160451, 0, 30, 332, 321, 72, 3.34%, 26, 0, 3, 71.30
1629161398, 0, 30, 332, 321, 72, 3.34%, 27, 0, 3, 94.04
1629161662, 0, 30, 333, 322, 72, 3.34%, 27, 0, 3, 59.87
1629161667, 0, 30, 334, 323, 72, 3.34%, 27, 0, 3, 60.37
1629164925, 0, 30, 336, 325, 72, 3.34%, 27, 0, 3, 93.66
1629164930, 0, 30, 337, 326, 72, 3.34%, 27, 0, 3, 101.57
1629164935, 0, 30, 338, 327, 72, 3.34%, 27, 0, 3, 109.48
1629164940, 0, 30, 340, 329, 72, 3.34%, 27, 0, 3, 105.37
1629164966, 0, 30, 342, 331, 72, 3.34%, 27, 0, 3, 103.91
1629164971, 0, 34, 342, 330, 72, 3.34%, 27, 0, 3, 84.28
1629164976, 0, 34, 343, 331, 72, 3.34%, 27, 0, 3, 58.29
1629165114, 0, 34, 344, 332, 72, 3.34%, 27, 0, 3, 71.81
1629165119, 0, 34, 345, 333, 72, 3.34%, 27, 0, 3, 60.52
1629165983, 0, 34, 346, 334, 72, 3.36%, 27, 0, 3, 57.74
1629166435, 0, 34, 348, 336, 72, 3.36%, 27, 0, 3, 52.11
1629166440, 0, 34, 353, 341, 72, 3.36%, 27, 0, 3, 54.34
1629166567, 0, 34, 354, 342, 72, 3.36%, 27, 0, 3, 57.02
1629166618, 0, 34, 355, 343, 72, 3.36%, 27, 0, 3, 62.71
1629167049, 0, 34, 356, 344, 72, 3.37%, 27, 0, 3, 44.36
1629170688, 0, 35, 356, 343, 73, 3.37%, 27, 0, 3, 83.46
1629171632, 0, 35, 356, 343, 73, 3.37%, 28, 0, 3, 89.53
1629175144, 0, 39, 356, 342, 72, 3.37%, 28, 0, 3, 94.44
1629175165, 0, 39, 357, 343, 72, 3.37%, 28, 0, 3, 76.24
1629175612, 0, 39, 357, 343, 72, 3.37%, 29, 0, 3, 103.93
1629177380, 0, 40, 357, 342, 71, 3.37%, 29, 0, 3, 94.42
1629177917, 0, 40, 357, 342, 71, 3.37%, 30, 0, 3, 91.64
1629179768, 0, 42, 357, 341, 70, 3.37%, 30, 0, 3, 101.23
1629180070, 0, 42, 358, 342, 70, 3.37%, 30, 0, 3, 65.55
1629180319, 0, 42, 359, 343, 70, 3.37%, 30, 0, 3, 94.29
1629180324, 0, 42, 359, 343, 70, 3.37%, 31, 0, 3, 99.09
1629182197, 0, 43, 359, 342, 69, 3.37%, 31, 0, 3, 101.87
1629183657, 0, 43, 360, 343, 69, 3.37%, 31, 0, 3, 73.16
1629188415, 0, 46, 360, 342, 68, 3.37%, 31, 0, 3, 72.80
1629189594, 0, 46, 360, 342, 68, 3.37%, 32, 0, 3, 47.98
1629189722, 0, 46, 360, 342, 68, 3.37%, 33, 0, 3, 58.96
1629194541, 0, 60, 360, 341, 67, 3.37%, 33, 0, 3, 72.21
1629195030, 0, 60, 361, 342, 67, 3.37%, 34, 0, 3, 93.70
1629196958, 0, 92, 361, 341, 66, 3.37%, 34, 0, 3, 79.16
1629203159, 0, 96, 361, 340, 65, 3.37%, 34, 0, 3, 66.61
1629203195, 0, 96, 362, 341, 65, 3.37%, 34, 0, 3, 49.88
1629203307, 0, 96, 363, 342, 65, 3.37%, 34, 0, 3, 95.18
1629203465, 0, 96, 364, 343, 65, 3.37%, 34, 0, 3, 53.03
1629203821, 0, 96, 365, 344, 65, 3.37%, 34, 0, 3, 59.93
1629204252, 0, 96, 367, 346, 65, 3.37%, 34, 0, 3, 49.18
1629207711, 0, 96, 370, 349, 65, 3.38%, 34, 0, 3, 51.47
1629207726, 0, 96, 371, 350, 65, 3.38%, 34, 0, 3, 48.50
1629207731, 0, 96, 372, 351, 65, 3.38%, 34, 0, 3, 47.94
1629207747, 0, 96, 373, 352, 65, 3.38%, 34, 0, 3, 48.06
1629209169, 0, 97, 373, 351, 67, 3.38%, 34, 0, 3, 73.19
1629215279, 0, 97, 373, 351, 67, 3.38%, 35, 0, 3, 68.91
1629215284, 0, 100, 373, 350, 66, 3.38%, 35, 0, 3, 74.93
1629215406, 0, 100, 374, 351, 66, 3.39%, 35, 0, 3, 62.60
1629216281, 0, 100, 374, 351, 66, 3.39%, 36, 0, 3, 98.99
1629219936, 0, 107, 374, 350, 66, 3.39%, 36, 0, 3, 81.85
1629221270, 0, 107, 375, 351, 66, 3.39%, 36, 0, 3, 83.26
1629221280, 0, 107, 377, 353, 66, 3.39%, 36, 0, 3, 75.58
1629221285, 0, 107, 380, 356, 66, 3.39%, 36, 0, 3, 57.78
1629221290, 0, 107, 381, 357, 66, 3.39%, 36, 0, 3, 65.32
1629226007, 0, 109, 381, 356, 66, 3.39%, 36, 0, 3, 75.36
1629226068, 0, 109, 382, 357, 66, 3.39%, 36, 0, 3, 79.12
1629226546, 0, 109, 382, 357, 66, 3.39%, 37, 0, 3, 93.64
1629228394, 0, 112, 382, 356, 65, 3.39%, 38, 0, 3, 90.34
1629229315, 0, 112, 383, 357, 65, 3.40%, 38, 0, 3, 60.68
1629229433, 0, 112, 383, 357, 65, 3.40%, 39, 0, 3, 84.37
1629233118, 0, 114, 383, 356, 64, 3.40%, 39, 0, 3, 82.74
1629234108, 0, 114, 383, 356, 64, 3.40%, 40, 0, 3, 82.99
1629237780, 0, 115, 383, 355, 63, 3.40%, 40, 0, 3, 77.79
1629238817, 0, 115, 383, 355, 63, 3.40%, 41, 0, 3, 81.96
1629242524, 0, 122, 383, 354, 62, 3.40%, 41, 0, 3, 71.27
1629242664, 0, 122, 384, 355, 62, 3.40%, 41, 0, 3, 53.41
1629242828, 0, 122, 385, 356, 62, 3.40%, 41, 0, 3, 53.27
1629243128, 0, 122, 386, 357, 62, 3.40%, 41, 0, 3, 70.33
1629243669, 0, 122, 387, 358, 62, 3.40%, 41, 0, 3, 52.83
1629248695, 0, 126, 388, 358, 61, 3.40%, 41, 0, 3, 79.42
1629249238, 0, 126, 388, 358, 61, 3.40%, 42, 0, 3, 89.93
1629251104, 0, 128, 388, 357, 60, 3.40%, 42, 0, 3, 82.86
1629251613, 0, 128, 390, 359, 60, 3.41%, 43, 0, 3, 84.92
1629253453, 0, 146, 390, 358, 60, 3.41%, 43, 0, 3, 85.40
1629254503, 0, 146, 390, 358, 60, 3.41%, 44, 0, 3, 80.30
1629254706, 0, 146, 391, 359, 60, 3.41%, 44, 0, 3, 56.08
1629254818, 0, 146, 392, 360, 60, 3.41%, 44, 0, 3, 58.16
1629258192, 0, 149, 392, 359, 59, 3.41%, 44, 0, 3, 78.02
1629258197, 0, 149, 393, 360, 59, 3.42%, 44, 0, 3, 69.26
1629258315, 0, 149, 394, 361, 59, 3.42%, 44, 0, 3, 64.32
1629258650, 0, 149, 397, 364, 59, 3.42%, 44, 0, 3, 57.73
1629259001, 0, 149, 398, 365, 59, 3.43%, 44, 0, 3, 59.80
1629259123, 0, 149, 398, 365, 59, 3.43%, 45, 0, 3, 85.68
1629259305, 0, 149, 402, 369, 59, 3.43%, 45, 0, 3, 54.55
1629259316, 0, 149, 403, 370, 59, 3.43%, 45, 0, 3, 56.11
