# unix_time, cycles_done, cur_path, paths_total, pending_total, pending_favs, map_size, unique_crashes, unique_hangs, max_depth, execs_per_sec
1629262933, 0, 0, 1, 1, 1, 0.01%, 0, 0, 1, 0.17
1629262938, 0, 0, 6, 6, 1, 0.02%, 0, 0, 2, 85.56
1629262943, 0, 0, 11, 11, 1, 0.02%, 0, 0, 2, 39.14
1629262948, 0, 0, 12, 12, 1, 0.02%, 0, 0, 2, 26.38
1629262953, 0, 0, 14, 14, 1, 0.02%, 0, 0, 2, 24.03
1629262968, 0, 0, 15, 15, 1, 0.02%, 0, 0, 2, 23.62
1629262973, 0, 0, 16, 16, 1, 0.03%, 0, 0, 2, 21.75
1629262978, 0, 0, 17, 17, 1, 0.03%, 0, 0, 2, 18.98
1629262983, 0, 0, 21, 21, 1, 0.03%, 0, 0, 2, 19.09
1629262994, 0, 0, 24, 24, 1, 0.03%, 0, 0, 2, 25.13
1629262999, 0, 0, 28, 28, 1, 0.03%, 0, 0, 2, 29.20
1629263009, 0, 0, 29, 29, 1, 0.03%, 0, 0, 2, 23.81
1629263034, 0, 0, 30, 30, 1, 0.03%, 0, 0, 2, 19.71
1629263050, 0, 0, 35, 35, 1, 0.03%, 0, 0, 2, 35.08
1629263086, 0, 0, 36, 36, 1, 0.03%, 0, 0, 2, 31.56
1629263101, 0, 0, 40, 40, 1, 0.03%, 0, 0, 2, 38.26
1629263111, 0, 0, 41, 41, 1, 0.03%, 0, 0, 2, 43.22
1629263116, 0, 0, 43, 43, 1, 0.03%, 0, 0, 2, 32.47
1629263132, 0, 0, 45, 45, 1, 0.03%, 0, 0, 2, 33.75
1629263173, 0, 0, 46, 46, 1, 0.03%, 0, 0, 2, 30.77
1629263229, 0, 0, 47, 47, 1, 0.03%, 0, 0, 2, 21.92
1629263260, 0, 0, 49, 49, 1, 0.03%, 0, 0, 2, 34.94
1629263285, 0, 0, 52, 52, 1, 0.03%, 0, 0, 2, 38.09
1629263301, 0, 0, 54, 54, 1, 0.03%, 0, 0, 2, 45.94
1629263316, 0, 0, 55, 55, 1, 0.03%, 0, 0, 2, 35.12
1629263378, 0, 0, 58, 58, 1, 0.03%, 0, 0, 2, 45.40
1629263505, 0, 0, 62, 62, 1, 0.03%, 0, 0, 2, 48.56
1629263510, 0, 0, 65, 65, 1, 0.03%, 0, 0, 2, 48.09
1629263515, 0, 0, 72, 72, 1, 0.03%, 0, 0, 2, 47.75
1629263521, 0, 0, 74, 74, 1, 0.03%, 0, 0, 2, 47.56
1629263567, 0, 0, 76, 76, 1, 0.03%, 0, 0, 2, 28.86
1629263572, 0, 0, 78, 78, 1, 0.03%, 0, 0, 2, 31.05
1629263612, 0, 0, 79, 79, 1, 0.03%, 0, 0, 2, 44.13
1629263893, 0, 0, 80, 80, 1, 0.03%, 0, 0, 2, 26.21
1629264119, 0, 0, 82, 82, 1, 0.03%, 0, 0, 2, 21.07
1629264139, 0, 0, 84, 84, 1, 0.03%, 0, 0, 2, 32.60
1629264144, 0, 0, 85, 85, 1, 0.03%, 0, 0, 2, 33.99
1629264196, 0, 0, 86, 86, 1, 0.03%, 0, 0, 2, 230.94
1629264221, 0, 0, 87, 87, 1, 0.03%, 0, 0, 2, 45.59
1629264226, 0, 0, 89, 89, 1, 0.03%, 1, 0, 2, 37.51
1629264231, 0, 0, 90, 90, 1, 0.03%, 1, 0, 2, 35.98
1629264236, 0, 0, 96, 96, 1, 0.03%, 1, 0, 2, 35.18
1629264242, 0, 0, 99, 99, 1, 0.03%, 1, 0, 2, 41.54
1629264247, 0, 0, 104, 104, 1, 0.03%, 1, 0, 2, 37.86
1629264262, 0, 0, 106, 106, 1, 0.03%, 1, 0, 2, 39.71
1629264282, 0, 0, 107, 107, 1, 0.03%, 1, 0, 2, 47.13
1629264461, 0, 0, 108, 108, 1, 0.03%, 1, 0, 2, 29.24
1629264466, 0, 0, 109, 109, 1, 0.03%, 1, 0, 2, 29.34
1629264481, 0, 0, 110, 110, 1, 0.03%, 1, 0, 2, 29.00
1629264896, 0, 0, 111, 111, 1, 0.03%, 1, 0, 2, 29.62
1629264926, 0, 0, 112, 112, 1, 0.03%, 1, 0, 2, 29.88
1629266648, 0, 0, 113, 113, 1, 0.03%, 1, 0, 2, 22.00
1629266653, 0, 0, 114, 114, 1, 0.03%, 1, 0, 2, 21.97
1629267299, 0, 0, 115, 115, 1, 0.03%, 1, 0, 2, 21.27
1629267973, 0, 0, 118, 118, 1, 0.03%, 1, 0, 2, 47.99
1629267978, 0, 0, 120, 120, 1, 0.03%, 1, 0, 2, 55.81
1629267983, 0, 0, 121, 121, 1, 0.03%, 1, 0, 2, 61.49
1629267988, 0, 0, 122, 122, 1, 0.03%, 1, 0, 2, 56.48
1629267993, 0, 0, 123, 123, 1, 0.03%, 1, 0, 2, 56.05
1629267998, 0, 0, 124, 124, 1, 0.03%, 1, 0, 2, 56.53
1629268044, 0, 0, 125, 125, 1, 0.03%, 1, 0, 2, 56.14
1629268060, 0, 0, 127, 127, 1, 0.03%, 1, 0, 2, 61.69
1629268070, 0, 0, 128, 128, 1, 0.03%, 1, 0, 2, 60.08
1629268085, 0, 0, 130, 130, 1, 0.03%, 1, 0, 2, 58.81
1629268106, 0, 0, 131, 131, 1, 0.03%, 1, 0, 2, 55.98
1629268111, 0, 0, 132, 132, 1, 0.03%, 1, 0, 2, 55.13
1629268121, 0, 0, 133, 133, 1, 0.03%, 1, 0, 2, 54.10
1629268167, 0, 0, 134, 134, 1, 0.03%, 1, 0, 2, 56.84
1629268183, 0, 0, 135, 135, 1, 0.03%, 1, 0, 2, 58.02
1629268249, 0, 0, 136, 136, 1, 0.03%, 1, 0, 2, 60.75
1629268305, 0, 0, 137, 137, 1, 0.03%, 1, 0, 2, 57.83
1629268326, 0, 0, 138, 138, 1, 0.03%, 1, 0, 2, 57.13
1629268351, 0, 0, 139, 139, 1, 0.03%, 1, 0, 2, 56.79
1629268361, 0, 0, 140, 140, 1, 0.03%, 1, 0, 2, 56.34
1629268448, 0, 0, 141, 141, 1, 0.03%, 1, 0, 2, 63.42
1629268458, 0, 0, 142, 142, 1, 0.03%, 1, 0, 2, 57.83
1629268463, 0, 0, 143, 143, 1, 0.04%, 1, 0, 2, 55.55
1629268519, 0, 3, 143, 142, 50, 0.04%, 1, 0, 2, 59.40
1629269543, 0, 3, 143, 142, 50, 0.04%, 2, 0, 2, 37.72
1629269553, 0, 3, 144, 143, 50, 0.04%, 2, 0, 3, 38.86
1629272615, 0, 7, 144, 142, 49, 0.04%, 2, 0, 3, 57.93
1629272975, 0, 8, 144, 141, 47, 0.04%, 2, 0, 3, 124.69
1629273092, 0, 8, 144, 141, 47, 0.04%, 3, 0, 3, 48.53
1629273382, 0, 9, 144, 140, 46, 0.04%, 3, 0, 3, 108.24
1629273743, 0, 9, 145, 141, 46, 0.04%, 3, 0, 3, 123.73
1629273753, 0, 18, 145, 140, 45, 0.04%, 3, 0, 3, 118.36
1629275213, 0, 18, 145, 140, 45, 0.04%, 4, 0, 3, 37.54
1629275223, 0, 18, 146, 141, 45, 0.04%, 4, 0, 3, 37.56
1629280062, 0, 20, 146, 140, 45, 0.04%, 4, 0, 3, 45.99
1629281782, 0, 20, 147, 141, 45, 0.04%, 4, 0, 3, 21.09
1629286396, 0, 20, 149, 143, 45, 0.04%, 4, 0, 3, 57.47
1629286463, 0, 24, 149, 142, 47, 0.04%, 4, 0, 3, 53.49
1629286575, 0, 24, 150, 143, 47, 0.04%, 4, 0, 3, 48.62
1629286791, 0, 24, 151, 144, 47, 0.04%, 4, 0, 3, 48.59
1629286909, 0, 24, 152, 145, 47, 0.04%, 4, 0, 3, 53.24
1629287467, 0, 24, 152, 145, 47, 0.04%, 5, 0, 3, 38.50
1629287488, 0, 24, 153, 146, 47, 0.04%, 5, 0, 3, 36.43
1629290500, 0, 26, 153, 145, 48, 0.04%, 5, 0, 3, 64.32
1629290510, 0, 26, 154, 146, 48, 0.04%, 5, 0, 3, 85.77
1629290617, 0, 26, 156, 148, 48, 0.04%, 5, 0, 3, 48.59
1629290632, 0, 26, 157, 149, 48, 0.04%, 5, 0, 3, 48.32
1629290851, 0, 29, 157, 148, 49, 0.04%, 5, 0, 3, 97.50
1629295775, 0, 30, 157, 147, 48, 0.04%, 5, 0, 3, 59.87
1629295907, 0, 30, 158, 148, 48, 0.04%, 5, 0, 3, 49.92
1629296116, 0, 33, 158, 147, 47, 0.04%, 5, 0, 3, 105.46
1629296467, 0, 35, 158, 146, 46, 0.04%, 5, 0, 3, 132.12
1629297683, 0, 35, 158, 146, 46, 0.04%, 6, 0, 3, 38.08
1629301382, 0, 35, 160, 148, 46, 0.04%, 6, 0, 3, 61.67
1629301438, 0, 36, 160, 147, 45, 0.04%, 6, 0, 3, 110.94
1629301530, 0, 37, 160, 146, 44, 0.04%, 6, 0, 3, 92.24
1629302543, 0, 37, 161, 147, 44, 0.04%, 6, 0, 3, 38.04
1629302563, 0, 37, 162, 148, 44, 0.04%, 6, 0, 3, 38.31
1629305587, 0, 37, 163, 149, 44, 0.04%, 6, 0, 3, 63.70
1629305602, 0, 38, 163, 148, 43, 0.04%, 6, 0, 3, 60.14
1629305714, 0, 38, 164, 149, 43, 0.04%, 6, 0, 3, 49.07
1629305948, 0, 39, 164, 148, 42, 0.04%, 6, 0, 3, 134.04
1629305958, 0, 39, 165, 149, 42, 0.04%, 6, 0, 3, 98.68
1629305963, 0, 39, 166, 150, 42, 0.04%, 6, 0, 3, 59.47
1629306004, 0, 39, 167, 151, 42, 0.04%, 6, 0, 3, 136.37
1629306299, 0, 41, 167, 150, 44, 0.04%, 6, 0, 3, 109.22
1629307434, 0, 41, 167, 150, 44, 0.04%, 7, 0, 3, 37.38
1629307653, 0, 41, 168, 151, 44, 0.04%, 7, 0, 3, 29.85
1629307658, 0, 41, 169, 152, 44, 0.04%, 7, 0, 3, 29.75
1629307663, 0, 41, 170, 153, 44, 0.04%, 7, 0, 3, 30.05
1629311124, 0, 41, 171, 154, 44, 0.04%, 7, 0, 3, 51.96
1629311155, 0, 43, 171, 153, 46, 0.04%, 7, 0, 3, 49.26
1629312193, 0, 43, 172, 154, 46, 0.04%, 7, 0, 3, 33.66
1629312280, 0, 43, 172, 154, 46, 0.04%, 8, 0, 3, 36.97
1629315977, 0, 44, 172, 153, 45, 0.04%, 8, 0, 3, 52.69
1629316175, 0, 44, 173, 154, 45, 0.04%, 8, 0, 3, 30.73
1629316288, 0, 44, 174, 155, 45, 0.04%, 8, 0, 3, 34.31
1629317208, 0, 44, 174, 155, 45, 0.04%, 9, 0, 3, 37.83
1629320900, 0, 45, 174, 154, 46, 0.04%, 9, 0, 3, 54.34
1629321814, 0, 45, 175, 155, 46, 0.04%, 9, 0, 3, 24.07
1629322126, 0, 45, 175, 155, 46, 0.04%, 10, 0, 3, 37.41
1629325808, 0, 46, 175, 154, 45, 0.04%, 10, 0, 3, 54.01
1629329360, 0, 48, 175, 153, 43, 0.04%, 10, 0, 3, 58.15
1629329573, 0, 48, 176, 154, 43, 0.04%, 10, 0, 3, 38.11
1629333131, 0, 48, 177, 155, 43, 0.04%, 10, 0, 3, 57.42
1629333161, 0, 49, 177, 154, 42, 0.04%, 10, 0, 3, 61.21
1629333263, 0, 49, 177, 154, 42, 0.04%, 11, 0, 3, 50.06
1629333503, 0, 51, 177, 153, 41, 0.04%, 11, 0, 3, 77.85
1629333815, 0, 51, 178, 154, 41, 0.04%, 11, 0, 3, 32.75
1629334729, 0, 51, 178, 154, 41, 0.04%, 12, 0, 3, 38.41
1629338421, 0, 53, 178, 153, 41, 0.04%, 12, 0, 3, 60.18
1629338553, 0, 53, 179, 154, 41, 0.04%, 12, 0, 3, 49.16
1629338768, 0, 54, 179, 153, 41, 0.04%, 12, 0, 3, 136.01
1629338931, 0, 54, 180, 154, 41, 0.04%, 12, 0, 3, 31.76
1629339125, 0, 54, 181, 155, 41, 0.04%, 12, 0, 3, 32.87
1629340007, 0, 54, 181, 155, 41, 0.04%, 13, 0, 3, 38.72
1629343697, 0, 62, 181, 154, 40, 0.04%, 13, 0, 3, 60.45
1629343967, 0, 62, 182, 155, 40, 0.04%, 13, 0, 3, 49.49
1629343982, 0, 62, 183, 156, 40, 0.04%, 13, 0, 3, 48.63
1629344583, 0, 74, 183, 155, 39, 0.04%, 13, 0, 3, 80.69
1629345583, 0, 74, 184, 156, 39, 0.04%, 13, 0, 3, 22.15
1629345798, 0, 74, 184, 156, 39, 0.04%, 14, 0, 3, 38.25
1629347641, 0, 74, 185, 157, 39, 0.04%, 14, 0, 3, 29.72
1629349472, 0, 74, 186, 158, 39, 0.04%, 14, 0, 3, 43.99
1629349508, 0, 75, 186, 157, 39, 0.04%, 14, 0, 3, 51.37
