# unix_time, cycles_done, cur_path, paths_total, pending_total, pending_favs, map_size, unique_crashes, unique_hangs, max_depth, execs_per_sec
1619935467, 0, 0, 1, 1, 1, 2.60%, 0, 0, 1, 13.20
1619935472, 0, 0, 9, 9, 1, 3.25%, 0, 0, 2, 29.26
1619935477, 0, 0, 13, 13, 1, 3.27%, 0, 0, 2, 24.36
1619935482, 0, 0, 37, 37, 1, 3.42%, 0, 0, 2, 27.18
1619935487, 0, 0, 39, 39, 1, 3.42%, 0, 0, 2, 21.33
1619935492, 0, 0, 42, 42, 1, 3.44%, 0, 0, 2, 21.29
1619935508, 0, 0, 45, 45, 1, 3.45%, 0, 0, 2, 103.96
1619935513, 0, 0, 48, 48, 1, 3.45%, 0, 0, 2, 19.73
1619935518, 0, 0, 50, 50, 1, 3.46%, 0, 0, 2, 19.82
1619935523, 0, 0, 53, 53, 1, 3.46%, 0, 0, 2, 22.53
1619935528, 0, 0, 55, 55, 1, 3.46%, 0, 0, 2, 20.90
1619935533, 0, 0, 57, 57, 1, 3.46%, 0, 0, 2, 20.12
1619935538, 0, 0, 61, 61, 1, 3.46%, 0, 0, 2, 19.82
1619935548, 0, 0, 63, 63, 1, 3.47%, 0, 0, 2, 22.05
1619935554, 0, 0, 64, 64, 1, 3.47%, 0, 0, 2, 19.84
1619935579, 0, 0, 65, 65, 1, 3.47%, 0, 0, 2, 19.89
1619935589, 0, 0, 66, 66, 1, 3.47%, 0, 0, 2, 19.75
1619935600, 0, 0, 67, 67, 1, 3.47%, 0, 0, 2, 20.41
1619935605, 0, 0, 68, 68, 1, 3.47%, 0, 0, 2, 30.78
1619935610, 0, 0, 71, 71, 1, 3.48%, 0, 0, 2, 49.14
1619935615, 0, 0, 74, 74, 1, 3.48%, 0, 0, 2, 29.94
1619935640, 0, 0, 76, 76, 1, 3.49%, 0, 0, 2, 20.01
1619935656, 0, 0, 79, 79, 1, 3.49%, 0, 0, 2, 22.10
1619935661, 0, 0, 82, 82, 1, 3.49%, 0, 0, 2, 22.24
1619935676, 0, 0, 85, 85, 1, 3.49%, 0, 0, 2, 25.62
1619935681, 0, 0, 88, 88, 1, 3.49%, 0, 0, 2, 28.09
1619935687, 0, 0, 89, 89, 1, 3.50%, 0, 0, 2, 363.21
1619935692, 0, 0, 95, 95, 1, 3.51%, 0, 0, 2, 39.95
1619935702, 0, 0, 96, 96, 1, 3.51%, 0, 0, 2, 22.65
1619935712, 0, 0, 97, 97, 1, 3.51%, 0, 0, 2, 20.20
1619935722, 0, 0, 98, 98, 1, 3.51%, 0, 0, 2, 19.62
1619935727, 0, 0, 101, 101, 1, 3.51%, 0, 0, 2, 24.96
1619935738, 0, 0, 111, 111, 1, 3.52%, 0, 0, 2, 145.85
1619935743, 0, 0, 115, 115, 1, 3.52%, 0, 0, 2, 19.82
1619935758, 0, 0, 116, 116, 1, 3.53%, 0, 0, 2, 20.02
1619935763, 0, 0, 118, 118, 1, 3.53%, 0, 0, 2, 20.63
1619935789, 0, 0, 119, 119, 1, 3.53%, 0, 0, 2, 19.59
1619935825, 0, 0, 120, 120, 1, 3.53%, 0, 0, 2, 21.75
1619935911, 0, 0, 121, 121, 1, 3.53%, 0, 0, 2, 21.12
1619935922, 0, 0, 122, 122, 1, 3.54%, 0, 0, 2, 32.05
1619935932, 0, 0, 124, 124, 1, 3.54%, 0, 0, 2, 21.99
1619935957, 0, 0, 125, 125, 1, 3.54%, 0, 0, 2, 20.46
1619935962, 0, 0, 126, 126, 1, 3.54%, 0, 0, 2, 20.34
1619936008, 0, 0, 127, 127, 1, 3.54%, 0, 0, 2, 19.49
1619936039, 0, 0, 128, 128, 1, 3.54%, 0, 0, 2, 20.08
1619936070, 0, 0, 129, 129, 1, 3.54%, 0, 0, 2, 20.34
1619936111, 0, 0, 131, 131, 1, 3.54%, 0, 0, 2, 18.94
1619936116, 0, 0, 132, 132, 1, 3.54%, 0, 0, 2, 19.90
1619936146, 0, 0, 134, 134, 1, 3.54%, 0, 0, 2, 151.66
1619936151, 0, 0, 143, 143, 1, 3.54%, 0, 0, 2, 136.77
1619936156, 0, 0, 144, 144, 1, 3.54%, 0, 0, 2, 21.67
1619936187, 0, 0, 145, 145, 1, 3.54%, 0, 0, 2, 86.93
1619936269, 0, 0, 146, 146, 1, 3.54%, 0, 0, 2, 126.06
1619936274, 0, 0, 147, 147, 1, 3.54%, 0, 0, 2, 110.35
1619936371, 0, 0, 149, 149, 1, 3.58%, 0, 0, 2, 229.16
1619936376, 0, 0, 168, 168, 1, 3.78%, 0, 0, 2, 30.61
1619936382, 0, 0, 171, 171, 1, 3.78%, 0, 0, 2, 29.07
1619936387, 0, 0, 174, 174, 1, 3.78%, 0, 0, 2, 28.58
1619936392, 0, 0, 175, 175, 1, 3.79%, 0, 0, 2, 202.90
1619936397, 0, 0, 177, 177, 1, 3.79%, 0, 0, 2, 22.40
1619936402, 0, 0, 178, 178, 1, 3.79%, 0, 0, 2, 28.17
1619936407, 0, 0, 179, 179, 1, 3.79%, 0, 0, 2, 57.70
1619936412, 0, 0, 181, 181, 1, 3.79%, 0, 0, 2, 90.53
1619936417, 0, 0, 183, 183, 1, 4.19%, 0, 0, 2, 125.13
1619936433, 0, 0, 185, 185, 1, 4.19%, 0, 0, 2, 144.98
1619936438, 0, 0, 186, 186, 1, 4.19%, 0, 0, 2, 18.44
1619936443, 0, 0, 188, 188, 1, 4.19%, 0, 0, 2, 19.18
1619936448, 0, 0, 190, 190, 1, 4.20%, 0, 0, 2, 20.70
1619936453, 0, 0, 192, 192, 1, 4.20%, 0, 0, 2, 20.45
1619936474, 0, 0, 194, 194, 1, 4.21%, 0, 0, 2, 20.59
1619936514, 0, 0, 195, 195, 1, 4.21%, 0, 0, 2, 20.03
1619936560, 0, 0, 196, 196, 1, 4.23%, 0, 0, 2, 21.88
1619936887, 0, 0, 199, 199, 1, 4.26%, 0, 0, 2, 119.60
1619936892, 0, 0, 203, 203, 1, 4.26%, 0, 0, 2, 122.81
1619936907, 0, 0, 206, 206, 1, 4.26%, 0, 0, 2, 19.56
1619936928, 0, 0, 207, 207, 1, 4.26%, 0, 0, 2, 19.93
1619937040, 0, 0, 208, 208, 1, 4.27%, 0, 0, 2, 22.20
1619937045, 0, 0, 210, 210, 1, 4.27%, 0, 0, 2, 21.22
1619937051, 0, 0, 211, 211, 1, 4.27%, 0, 0, 2, 21.63
1619937056, 0, 0, 212, 212, 1, 4.27%, 0, 0, 2, 20.69
1619937086, 0, 0, 213, 213, 1, 4.27%, 0, 0, 2, 22.88
1619937214, 0, 0, 214, 214, 1, 4.28%, 0, 0, 2, 22.30
1619937261, 0, 0, 218, 218, 1, 4.30%, 0, 0, 2, 22.23
1619937266, 0, 0, 224, 224, 1, 4.30%, 0, 0, 2, 22.38
1619937271, 0, 0, 225, 225, 1, 4.30%, 0, 0, 2, 21.62
1619937286, 0, 0, 226, 226, 1, 4.30%, 0, 0, 2, 22.44
1619937291, 0, 0, 229, 229, 1, 4.30%, 0, 0, 2, 22.29
1619937296, 0, 0, 230, 230, 1, 4.30%, 0, 0, 2, 24.53
1619937317, 0, 0, 231, 231, 1, 4.30%, 0, 0, 2, 20.65
1619937353, 0, 0, 232, 232, 1, 4.30%, 0, 0, 2, 23.09
1619937379, 0, 0, 235, 235, 1, 4.30%, 0, 0, 2, 327.01
1619937389, 0, 0, 238, 238, 1, 4.33%, 0, 0, 2, 157.27
1619937394, 0, 0, 246, 246, 1, 4.33%, 0, 0, 2, 39.74
1619937399, 0, 0, 250, 250, 1, 4.33%, 0, 0, 2, 43.65
1619937404, 0, 0, 253, 253, 1, 4.33%, 0, 0, 2, 37.11
1619937409, 0, 0, 255, 255, 1, 4.33%, 0, 0, 2, 28.79
1619937425, 0, 0, 257, 257, 1, 4.33%, 0, 0, 2, 24.63
1619937430, 0, 0, 258, 258, 1, 4.33%, 0, 0, 2, 34.55
1619937435, 0, 0, 263, 263, 1, 4.35%, 0, 0, 2, 42.78
1619937440, 0, 0, 264, 264, 1, 4.36%, 0, 0, 2, 27.95
1619937466, 0, 0, 267, 267, 1, 4.36%, 0, 0, 2, 28.99
1619937487, 0, 0, 268, 268, 1, 4.36%, 0, 0, 2, 22.71
1619937497, 0, 0, 270, 270, 1, 4.36%, 0, 0, 2, 32.08
1619937527, 0, 0, 271, 271, 1, 4.36%, 0, 0, 2, 31.07
1619937676, 0, 0, 272, 272, 1, 4.36%, 0, 0, 2, 30.21
1619937737, 0, 0, 273, 273, 1, 4.38%, 0, 0, 2, 29.22
1619937829, 0, 0, 275, 275, 1, 4.39%, 0, 0, 2, 33.90
1619937834, 0, 0, 276, 276, 1, 4.39%, 0, 0, 2, 34.11
1619937840, 0, 0, 279, 279, 1, 4.39%, 0, 0, 2, 33.89
1619937850, 0, 0, 282, 282, 1, 4.39%, 0, 0, 2, 41.23
1619937870, 0, 0, 285, 285, 1, 4.39%, 0, 0, 2, 41.23
1619937881, 0, 0, 286, 286, 1, 4.39%, 0, 0, 2, 33.62
1619937886, 0, 0, 287, 287, 1, 4.39%, 0, 0, 2, 39.22
1619937891, 0, 0, 290, 290, 1, 4.39%, 0, 0, 2, 38.97
1619937896, 0, 0, 292, 292, 1, 4.39%, 0, 0, 2, 34.12
1619937916, 0, 0, 294, 294, 1, 4.39%, 0, 0, 2, 211.01
1619937942, 0, 0, 295, 295, 1, 4.39%, 0, 0, 2, 157.74
1619937952, 0, 0, 296, 296, 1, 4.40%, 0, 0, 2, 168.61
1619937957, 0, 0, 297, 297, 1, 4.40%, 0, 0, 2, 160.30
1619937967, 0, 0, 298, 298, 1, 4.40%, 0, 0, 2, 20.11
1619937977, 0, 0, 301, 301, 1, 4.40%, 0, 0, 2, 20.25
1619937982, 0, 0, 303, 303, 1, 4.41%, 0, 0, 2, 22.96
1619937988, 0, 0, 304, 304, 1, 4.42%, 0, 0, 2, 21.17
1619937993, 0, 0, 305, 305, 1, 4.42%, 0, 0, 2, 21.93
1619938003, 0, 0, 306, 306, 1, 4.42%, 0, 0, 2, 20.83
1619938008, 0, 0, 308, 308, 1, 4.42%, 0, 0, 2, 21.58
1619940314, 0, 0, 309, 309, 1, 4.42%, 0, 0, 2, 140.04
1619940345, 0, 0, 311, 311, 1, 4.42%, 0, 0, 2, 20.37
1619940376, 0, 0, 312, 312, 1, 4.42%, 0, 0, 2, 21.70
1619940381, 0, 0, 313, 313, 1, 4.42%, 0, 0, 2, 21.06
1619941563, 0, 0, 314, 314, 1, 4.42%, 0, 0, 2, 22.36
1619941887, 0, 0, 316, 316, 1, 4.42%, 0, 0, 2, 19.85
1619941892, 0, 0, 317, 317, 1, 4.42%, 0, 0, 2, 20.56
1619941897, 0, 0, 320, 320, 1, 4.42%, 0, 0, 2, 20.34
1619941902, 0, 0, 321, 321, 1, 4.42%, 0, 0, 2, 21.34
1619941907, 0, 0, 325, 325, 1, 4.42%, 0, 0, 2, 20.26
1619942025, 0, 0, 326, 326, 1, 4.42%, 0, 0, 2, 20.18
1619942056, 0, 0, 327, 327, 1, 4.42%, 0, 0, 2, 18.98
1619942066, 0, 0, 328, 328, 1, 4.42%, 0, 0, 2, 19.19
1619942367, 0, 0, 329, 329, 1, 4.42%, 0, 0, 2, 20.85
1619942403, 0, 0, 330, 330, 1, 4.42%, 0, 0, 2, 20.35
1619942433, 0, 0, 331, 331, 1, 4.42%, 0, 0, 2, 19.95
1619942438, 0, 0, 332, 332, 1, 4.43%, 0, 0, 2, 20.02
1619942448, 0, 0, 333, 333, 1, 4.43%, 0, 0, 2, 20.06
1619942454, 0, 0, 334, 334, 1, 4.43%, 0, 0, 2, 20.22
1619942459, 0, 0, 336, 336, 1, 4.44%, 0, 0, 2, 19.83
1619942464, 0, 0, 337, 337, 1, 4.44%, 0, 0, 2, 20.60
1619943037, 0, 0, 344, 344, 1, 4.45%, 0, 0, 2, 76.18
1619943042, 0, 0, 346, 346, 1, 4.45%, 0, 0, 2, 40.03
1619943047, 0, 0, 347, 347, 1, 4.45%, 0, 0, 2, 26.71
1619943093, 0, 0, 354, 354, 1, 4.45%, 0, 0, 2, 160.51
1619943098, 0, 0, 365, 365, 1, 4.47%, 0, 0, 2, 70.10
1619943103, 0, 0, 374, 374, 1, 4.48%, 0, 0, 2, 64.39
1619943109, 0, 0, 382, 382, 1, 4.48%, 0, 0, 2, 88.43
1619943114, 0, 0, 390, 390, 1, 4.48%, 0, 0, 2, 90.61
1619943119, 0, 0, 396, 396, 1, 4.48%, 0, 0, 2, 71.26
1619943124, 0, 0, 404, 404, 1, 4.48%, 0, 0, 2, 76.19
1619943129, 0, 0, 407, 407, 1, 4.48%, 0, 0, 2, 90.79
1619943134, 0, 0, 412, 412, 1, 4.48%, 0, 0, 2, 84.04
1619943139, 0, 13, 415, 414, 87, 4.48%, 0, 0, 2, 87.30
1619943175, 0, 13, 416, 415, 87, 4.49%, 0, 0, 3, 28.82
1619943180, 0, 13, 417, 416, 87, 4.49%, 0, 0, 3, 28.98
1619943221, 0, 13, 418, 417, 87, 4.49%, 0, 0, 3, 28.64
1619943523, 0, 13, 419, 418, 87, 4.49%, 0, 0, 3, 27.88
1619943575, 0, 13, 420, 419, 87, 4.49%, 0, 0, 3, 256.27
1619943738, 0, 13, 421, 420, 87, 4.52%, 0, 0, 3, 147.20
1619943743, 0, 13, 422, 421, 87, 4.52%, 0, 0, 3, 151.39
1619944179, 0, 13, 424, 423, 87, 4.54%, 0, 0, 3, 32.17
1619944230, 0, 13, 425, 424, 87, 4.54%, 0, 0, 3, 33.60
1619944548, 0, 13, 426, 425, 87, 4.55%, 0, 0, 3, 41.89
1619944671, 0, 13, 427, 426, 87, 4.55%, 0, 0, 3, 41.63
1619944758, 0, 13, 428, 427, 87, 4.55%, 0, 0, 3, 32.36
1619946912, 0, 13, 429, 428, 87, 4.55%, 0, 0, 3, 29.70
1619947265, 0, 13, 430, 429, 87, 4.55%, 0, 0, 3, 30.97
1619947275, 0, 13, 431, 430, 87, 4.55%, 0, 0, 3, 30.37
1619947316, 0, 13, 432, 431, 87, 4.55%, 0, 0, 3, 29.57
1619947326, 0, 13, 433, 432, 87, 4.55%, 0, 0, 3, 29.16
1619947695, 0, 13, 434, 433, 87, 4.55%, 0, 0, 3, 33.30
1619947700, 0, 13, 438, 437, 87, 4.55%, 0, 0, 3, 117.96
1619947705, 0, 13, 441, 440, 87, 4.57%, 0, 0, 3, 134.60
1619947710, 0, 13, 444, 443, 87, 4.57%, 0, 0, 3, 129.66
1619947716, 0, 13, 447, 446, 87, 4.57%, 0, 0, 3, 140.56
1619947721, 0, 22, 448, 446, 95, 4.57%, 0, 0, 3, 155.50
1619948787, 0, 23, 449, 446, 94, 4.57%, 0, 0, 3, 180.68
1619949853, 0, 24, 449, 445, 93, 4.57%, 0, 0, 3, 162.99
1619950903, 0, 27, 449, 444, 92, 4.57%, 0, 0, 3, 176.86
1619950928, 0, 27, 450, 445, 92, 4.57%, 0, 0, 3, 139.54
1619951248, 0, 27, 451, 446, 92, 4.57%, 0, 0, 3, 148.02
1619951410, 0, 27, 452, 447, 92, 4.57%, 0, 0, 3, 125.14
1619952020, 0, 27, 454, 449, 92, 4.57%, 0, 0, 3, 136.03
1619952031, 0, 27, 455, 450, 92, 4.57%, 0, 0, 3, 138.43
1619952122, 0, 27, 458, 453, 92, 4.57%, 0, 0, 3, 186.25
1619952127, 0, 27, 459, 454, 92, 4.57%, 0, 0, 3, 214.94
1619952132, 0, 28, 462, 456, 89, 4.57%, 0, 0, 3, 180.07
1619952152, 0, 28, 463, 457, 89, 4.57%, 0, 0, 3, 141.15
1619953279, 0, 30, 464, 457, 89, 4.57%, 0, 0, 3, 170.38
1619953290, 0, 30, 465, 458, 89, 4.57%, 0, 0, 3, 142.21
1619954426, 0, 30, 467, 460, 89, 4.57%, 0, 0, 3, 184.09
1619954431, 0, 31, 467, 459, 88, 4.57%, 0, 0, 3, 168.71
1619954640, 0, 31, 468, 460, 88, 4.57%, 0, 0, 3, 135.64
1619955711, 0, 32, 468, 459, 87, 4.57%, 0, 0, 3, 28.84
1619955721, 0, 32, 469, 460, 87, 4.57%, 0, 0, 3, 18.96
1619956477, 0, 32, 470, 461, 87, 4.57%, 0, 0, 3, 187.51
1619957142, 0, 32, 471, 462, 87, 4.58%, 0, 0, 3, 19.06
1619957372, 0, 32, 472, 463, 87, 4.58%, 0, 0, 3, 161.19
1619962663, 0, 32, 474, 465, 87, 4.58%, 0, 0, 3, 86.45
1619962668, 0, 36, 474, 464, 90, 4.58%, 0, 0, 3, 144.51
1619963073, 0, 36, 475, 465, 90, 4.58%, 0, 0, 3, 159.34
1619963784, 0, 68, 475, 464, 89, 4.58%, 0, 0, 3, 163.48
1619963799, 0, 68, 476, 465, 89, 4.58%, 0, 0, 3, 151.99
1619964835, 0, 93, 476, 464, 89, 4.58%, 0, 0, 3, 164.70
1619964851, 0, 93, 477, 465, 89, 4.58%, 0, 0, 3, 135.23
1619964866, 0, 93, 478, 466, 89, 4.58%, 0, 0, 3, 63.15
1619964922, 0, 93, 479, 467, 89, 4.58%, 0, 0, 3, 144.92
1619965852, 0, 93, 480, 468, 89, 4.58%, 0, 0, 3, 128.84
1619965939, 0, 93, 481, 469, 89, 4.58%, 0, 0, 3, 137.36
1619966025, 0, 106, 481, 468, 90, 4.58%, 0, 0, 3, 171.40
1619967080, 0, 107, 482, 468, 88, 4.58%, 0, 0, 3, 186.18
1619968136, 0, 107, 483, 469, 88, 4.58%, 0, 0, 3, 156.11
1619968141, 0, 109, 483, 468, 87, 4.58%, 0, 0, 3, 165.35
1619969218, 0, 114, 483, 467, 86, 4.58%, 0, 0, 3, 22.82
1619969680, 0, 114, 484, 468, 86, 4.58%, 0, 0, 3, 22.07
1619970105, 0, 114, 485, 469, 86, 4.58%, 0, 0, 3, 39.20
1619971652, 0, 114, 486, 470, 86, 4.59%, 0, 0, 3, 22.47
1619976779, 0, 116, 486, 469, 87, 4.59%, 0, 0, 3, 42.63
1619978319, 0, 116, 487, 470, 87, 4.59%, 0, 0, 3, 70.45
1619983370, 0, 116, 488, 471, 87, 4.59%, 0, 0, 3, 35.22
1619983405, 0, 116, 489, 472, 87, 4.59%, 0, 0, 3, 45.12
1619983410, 0, 121, 489, 471, 87, 4.59%, 0, 0, 3, 116.62
1619983695, 0, 121, 490, 472, 87, 4.59%, 0, 0, 3, 19.38
1619983762, 0, 121, 491, 473, 87, 4.59%, 0, 0, 3, 144.63
1619983782, 0, 121, 492, 474, 87, 4.59%, 0, 0, 3, 149.00
1619984713, 0, 121, 494, 476, 87, 4.59%, 0, 0, 3, 169.01
1619984718, 0, 123, 494, 475, 85, 4.59%, 0, 0, 3, 18.97
1619986711, 0, 123, 495, 476, 85, 4.59%, 0, 0, 3, 45.36
1619992586, 0, 125, 495, 475, 84, 4.59%, 0, 0, 3, 165.99
1619992764, 0, 125, 496, 476, 84, 4.59%, 0, 0, 3, 19.18
1619994556, 0, 125, 497, 477, 84, 4.59%, 0, 0, 3, 34.90
1619998020, 0, 125, 500, 480, 84, 4.61%, 0, 0, 3, 23.62
1619998025, 0, 125, 503, 483, 84, 4.64%, 0, 0, 3, 22.91
1619998035, 0, 125, 504, 484, 84, 4.64%, 0, 0, 3, 20.79
1619998040, 0, 125, 505, 485, 84, 4.65%, 0, 0, 3, 20.20
1620000275, 0, 127, 506, 485, 91, 4.65%, 0, 0, 3, 42.82
1620000807, 0, 127, 507, 486, 91, 4.65%, 0, 0, 3, 20.50
1620007892, 0, 147, 507, 485, 91, 4.65%, 0, 0, 3, 151.92
1620007902, 0, 147, 508, 486, 91, 4.65%, 0, 0, 3, 143.74
1620008060, 0, 147, 509, 487, 91, 4.66%, 0, 0, 3, 175.37
1620008263, 0, 147, 510, 488, 91, 4.66%, 0, 0, 3, 155.29
1620008279, 0, 147, 511, 489, 91, 4.66%, 0, 0, 3, 132.82
1620009169, 0, 155, 511, 488, 91, 4.66%, 0, 0, 3, 164.34
1620009342, 0, 155, 512, 489, 91, 4.66%, 0, 0, 3, 201.47
1620009576, 0, 155, 513, 490, 91, 4.66%, 0, 0, 3, 111.97
1620009581, 0, 155, 514, 491, 91, 4.66%, 0, 0, 3, 73.95
1620010470, 0, 157, 514, 490, 91, 4.66%, 0, 0, 3, 124.91
1620015193, 0, 158, 517, 492, 90, 4.67%, 0, 0, 3, 47.86
1620015468, 0, 158, 518, 493, 90, 4.67%, 0, 0, 3, 30.33
1620016255, 0, 158, 519, 494, 90, 4.67%, 0, 0, 3, 82.05
1620016281, 0, 158, 520, 495, 90, 4.67%, 0, 0, 3, 40.75
1620016317, 0, 158, 521, 496, 90, 4.67%, 0, 0, 3, 44.49
1620016337, 0, 158, 522, 497, 90, 4.67%, 0, 0, 3, 41.84
1620016496, 0, 158, 523, 498, 90, 4.67%, 0, 0, 3, 41.61
1620016599, 0, 158, 524, 499, 90, 4.69%, 0, 0, 3, 41.53
1620017105, 0, 158, 525, 500, 90, 4.69%, 0, 0, 3, 31.92
1620019774, 0, 158, 526, 501, 90, 4.69%, 0, 0, 3, 39.06
1620019815, 0, 159, 526, 500, 93, 4.69%, 0, 0, 3, 103.53
1620019988, 0, 159, 527, 501, 93, 4.69%, 0, 0, 3, 172.29
1620020176, 0, 159, 528, 502, 93, 4.69%, 0, 0, 3, 167.38
1620021095, 0, 163, 528, 501, 92, 4.69%, 0, 0, 3, 98.11
1620022271, 0, 163, 529, 502, 92, 4.69%, 0, 0, 3, 141.92
1620022388, 0, 164, 529, 501, 91, 4.69%, 0, 0, 3, 132.50
1620022754, 0, 164, 530, 502, 91, 4.69%, 0, 0, 3, 146.54
1620022759, 0, 164, 531, 503, 91, 4.69%, 0, 0, 3, 54.22
1620022764, 0, 164, 532, 504, 91, 4.69%, 0, 0, 3, 93.77
