# unix_time, cycles_done, cur_path, paths_total, pending_total, pending_favs, map_size, unique_crashes, unique_hangs, max_depth, execs_per_sec
1635749089, 0, 0, 1, 1, 1, 0.77%, 0, 0, 1, 34.33
1635749094, 0, 0, 5, 5, 1, 0.80%, 0, 0, 2, 54.73
1635749099, 0, 0, 6, 6, 1, 0.80%, 0, 0, 2, 51.51
1635749104, 0, 0, 7, 7, 1, 0.80%, 0, 0, 2, 54.39
1635749109, 0, 0, 8, 8, 1, 0.81%, 0, 0, 2, 67.81
1635749119, 0, 0, 9, 9, 1, 0.81%, 0, 0, 2, 57.51
1635749130, 0, 0, 11, 11, 1, 0.81%, 0, 0, 2, 49.71
1635749145, 0, 0, 12, 12, 1, 0.81%, 0, 0, 2, 54.16
1635749155, 0, 0, 13, 13, 1, 0.81%, 0, 0, 2, 54.60
1635749201, 0, 0, 14, 14, 1, 0.82%, 0, 0, 2, 60.11
1635749282, 0, 0, 26, 26, 1, 0.84%, 0, 0, 2, 47.32
1635749318, 0, 0, 27, 27, 1, 0.85%, 0, 0, 2, 53.32
1635749394, 0, 0, 28, 28, 1, 0.85%, 0, 0, 2, 55.25
1635749429, 0, 0, 29, 29, 1, 0.86%, 0, 0, 2, 55.01
1635749444, 0, 0, 32, 32, 1, 0.86%, 0, 0, 2, 487.47
1635749449, 0, 0, 55, 55, 1, 1.54%, 2, 0, 2, 176.93
1635749455, 0, 0, 77, 77, 1, 1.71%, 2, 0, 2, 428.04
1635749460, 0, 0, 82, 82, 1, 1.80%, 2, 0, 2, 56.57
1635749816, 0, 0, 84, 84, 1, 1.82%, 2, 0, 2, 55.33
1635752689, 0, 0, 85, 85, 1, 1.82%, 2, 0, 2, 52.42
1635752857, 0, 2, 85, 84, 36, 1.82%, 2, 0, 2, 2317.29
1635752867, 0, 3, 85, 83, 35, 1.82%, 2, 0, 2, 1173.47
1635753036, 0, 5, 86, 83, 34, 1.82%, 2, 0, 3, 114.21
1635753389, 0, 5, 87, 84, 34, 1.82%, 3, 0, 3, 380.83
1635756865, 0, 7, 88, 84, 33, 1.82%, 3, 0, 3, 1734.15
1635756870, 0, 7, 90, 86, 33, 1.82%, 3, 0, 3, 1597.50
1635756885, 0, 11, 90, 85, 31, 1.82%, 3, 0, 3, 1067.96
1635757354, 0, 11, 91, 86, 31, 1.82%, 4, 0, 3, 157.04
1635757360, 0, 11, 93, 88, 31, 1.83%, 4, 0, 3, 283.41
1635762194, 0, 26, 93, 87, 31, 1.83%, 4, 0, 3, 61.02
1635762402, 0, 26, 94, 88, 31, 1.83%, 4, 0, 3, 46.31
1635762600, 0, 26, 94, 88, 31, 1.83%, 5, 0, 3, 236.26
1635763020, 0, 26, 95, 89, 31, 1.83%, 5, 0, 3, 46.53
1635764088, 0, 26, 96, 90, 31, 1.83%, 5, 0, 3, 46.26
1635766559, 0, 27, 96, 89, 31, 1.83%, 5, 0, 3, 67.20
1635766965, 0, 27, 96, 89, 31, 1.83%, 6, 0, 3, 248.58
1635767401, 0, 27, 97, 90, 31, 1.83%, 6, 0, 3, 46.98
1635770708, 0, 28, 97, 89, 30, 1.83%, 6, 0, 3, 78.33
1635770931, 0, 28, 98, 90, 30, 1.83%, 6, 0, 3, 52.48
1635771088, 0, 28, 98, 90, 30, 1.83%, 7, 0, 3, 235.70
1635774624, 0, 28, 99, 91, 30, 2.02%, 7, 0, 3, 50.12
1635774821, 0, 30, 99, 90, 29, 2.02%, 7, 0, 3, 66.31
1635775261, 0, 30, 100, 91, 29, 2.03%, 7, 0, 3, 60.93
1635775372, 0, 30, 101, 92, 29, 2.03%, 7, 0, 3, 381.11
1635775383, 0, 30, 103, 94, 29, 2.03%, 7, 0, 3, 50.03
1635779121, 0, 31, 103, 93, 30, 2.03%, 7, 0, 3, 208.16
1635779253, 0, 31, 104, 94, 30, 2.03%, 7, 0, 3, 55.45
1635779455, 0, 34, 104, 93, 29, 2.03%, 7, 0, 3, 802.44
1635779486, 0, 34, 105, 94, 29, 2.03%, 7, 0, 3, 495.63
1635779491, 0, 34, 106, 95, 29, 2.03%, 7, 0, 3, 417.44
1635779643, 0, 35, 106, 94, 28, 2.03%, 7, 0, 3, 865.29
1635779674, 0, 35, 107, 95, 28, 2.03%, 7, 0, 3, 371.65
1635779831, 0, 39, 107, 94, 27, 2.03%, 7, 0, 3, 116.75
1635780942, 0, 44, 107, 93, 26, 2.03%, 7, 0, 3, 441.97
1635780983, 0, 44, 111, 97, 26, 2.04%, 7, 0, 3, 682.31
1635780988, 0, 44, 113, 99, 26, 2.04%, 8, 0, 3, 327.18
1635781352, 0, 45, 114, 99, 28, 2.04%, 8, 0, 3, 377.08
1635781479, 0, 45, 116, 101, 28, 2.04%, 8, 0, 3, 384.03
1635782071, 0, 46, 117, 101, 29, 2.04%, 8, 0, 3, 276.18
1635782163, 0, 46, 118, 102, 29, 2.04%, 8, 0, 3, 382.33
1635782986, 0, 47, 118, 101, 28, 2.04%, 8, 0, 3, 279.00
1635782991, 0, 47, 119, 102, 28, 2.05%, 8, 0, 3, 738.19
1635783017, 0, 47, 120, 103, 28, 2.05%, 8, 0, 3, 298.68
1635783108, 0, 47, 121, 104, 28, 2.05%, 8, 0, 3, 361.08
1635783154, 0, 47, 122, 105, 28, 2.05%, 8, 0, 3, 57.15
1635783170, 0, 47, 123, 106, 28, 2.05%, 8, 0, 3, 186.98
1635783633, 0, 52, 123, 105, 29, 2.05%, 8, 0, 3, 393.60
1635783679, 0, 52, 124, 106, 29, 2.05%, 8, 0, 3, 301.73
1635783765, 0, 52, 127, 109, 29, 2.32%, 8, 0, 3, 368.87
1635783770, 0, 52, 128, 110, 29, 2.32%, 8, 0, 3, 379.17
1635784059, 0, 53, 128, 109, 31, 2.32%, 8, 0, 3, 356.96
1635784898, 0, 54, 128, 108, 30, 2.32%, 8, 0, 3, 165.14
1635785365, 0, 54, 128, 108, 30, 2.32%, 9, 0, 3, 353.58
1635789228, 0, 56, 128, 107, 29, 2.32%, 9, 0, 3, 84.61
1635792658, 0, 68, 128, 106, 28, 2.32%, 9, 0, 3, 232.67
1635793302, 0, 70, 128, 105, 27, 2.32%, 9, 0, 3, 45.36
1635797006, 0, 71, 128, 104, 26, 2.32%, 9, 0, 3, 101.26
1635800358, 0, 75, 128, 103, 25, 2.32%, 9, 0, 3, 422.81
1635800363, 0, 75, 129, 104, 25, 2.41%, 9, 0, 3, 377.00
1635800567, 0, 75, 130, 105, 25, 2.41%, 9, 0, 3, 360.16
1635800909, 0, 76, 130, 104, 25, 2.41%, 9, 0, 3, 402.39
1635803643, 0, 77, 130, 103, 24, 2.41%, 9, 0, 3, 379.98
1635803684, 0, 77, 131, 104, 24, 2.46%, 9, 1, 3, 331.66
1635803898, 0, 77, 143, 116, 24, 3.76%, 10, 1, 3, 104.19
1635803903, 0, 77, 148, 121, 24, 3.99%, 10, 1, 3, 168.95
1635804341, 0, 82, 148, 120, 41, 3.99%, 10, 1, 3, 55.01
1635804524, 0, 82, 149, 121, 41, 3.99%, 10, 1, 3, 113.84
1635804681, 0, 82, 149, 121, 41, 3.99%, 11, 1, 3, 203.19
1635806145, 0, 82, 150, 122, 41, 3.99%, 11, 1, 3, 48.92
1635808111, 0, 83, 150, 121, 40, 3.99%, 11, 1, 3, 60.94
1635808435, 0, 83, 150, 121, 40, 3.99%, 12, 1, 3, 272.75
1635809960, 0, 83, 151, 122, 40, 3.99%, 12, 1, 3, 48.96
1635811668, 0, 84, 151, 121, 40, 3.99%, 12, 1, 3, 84.24
1635812013, 0, 84, 151, 121, 40, 3.99%, 13, 1, 3, 547.01
1635815427, 0, 86, 151, 120, 39, 3.99%, 13, 1, 3, 70.14
1635815566, 0, 86, 151, 120, 39, 3.99%, 14, 1, 3, 234.57
1635816917, 0, 88, 151, 119, 38, 3.99%, 14, 1, 3, 699.47
1635816968, 0, 90, 153, 120, 37, 3.99%, 14, 1, 4, 557.55
1635817004, 0, 90, 153, 120, 37, 3.99%, 15, 1, 4, 250.28
1635817244, 0, 91, 153, 119, 35, 3.99%, 15, 1, 4, 447.85
1635817513, 0, 95, 153, 118, 34, 3.99%, 15, 1, 4, 56.79
1635817833, 0, 95, 153, 118, 34, 3.99%, 16, 1, 4, 344.74
1635820437, 0, 95, 154, 119, 34, 3.99%, 16, 1, 4, 51.99
1635821066, 0, 98, 154, 118, 34, 3.99%, 16, 1, 4, 111.48
1635821326, 0, 98, 155, 119, 34, 4.01%, 16, 1, 4, 200.63
1635822215, 0, 98, 157, 121, 34, 4.05%, 16, 1, 4, 154.88
1635822221, 0, 98, 158, 122, 34, 4.13%, 16, 5, 4, 3.93
1635822227, 0, 98, 163, 127, 34, 4.35%, 16, 7, 4, 16.31
1635822233, 0, 98, 165, 129, 34, 4.42%, 16, 12, 4, 13.17
1635822238, 0, 98, 169, 133, 34, 4.57%, 16, 15, 4, 161.24
1635822243, 0, 98, 169, 133, 34, 4.57%, 16, 16, 4, 199.04
1635822516, 0, 99, 169, 132, 47, 4.57%, 16, 16, 4, 56.39
1635822876, 0, 100, 169, 131, 46, 4.57%, 16, 16, 4, 814.71
1635823079, 0, 108, 169, 130, 45, 4.57%, 16, 16, 4, 684.94
1635823129, 0, 108, 169, 130, 45, 4.57%, 16, 17, 4, 26.79
1635823562, 0, 109, 169, 129, 44, 4.57%, 16, 17, 4, 544.38
1635823618, 0, 109, 169, 129, 44, 4.57%, 17, 17, 4, 349.69
1635824107, 0, 110, 169, 128, 43, 4.57%, 17, 17, 4, 501.54
1635824261, 0, 110, 169, 128, 43, 4.57%, 17, 18, 4, 43.81
1635824761, 0, 113, 170, 128, 42, 4.57%, 17, 18, 4, 503.53
1635824766, 0, 113, 171, 129, 42, 4.57%, 17, 18, 4, 621.08
1635824918, 0, 114, 171, 128, 41, 4.57%, 17, 18, 4, 409.23
1635825066, 0, 114, 171, 128, 41, 4.57%, 17, 19, 4, 198.68
1635825488, 0, 115, 171, 127, 40, 4.57%, 17, 19, 4, 339.90
1635825650, 0, 115, 171, 127, 40, 4.57%, 17, 20, 4, 283.28
1635826090, 0, 118, 171, 126, 39, 4.57%, 17, 20, 4, 349.99
1635826314, 0, 118, 172, 127, 39, 4.60%, 17, 20, 4, 241.03
1635826741, 0, 124, 172, 126, 39, 4.60%, 17, 20, 4, 286.53
1635827944, 0, 125, 172, 125, 38, 4.60%, 17, 20, 4, 602.62
1635828929, 0, 126, 172, 124, 37, 4.60%, 17, 20, 4, 341.80
1635829585, 0, 128, 172, 123, 36, 4.60%, 17, 20, 4, 433.96
1635830130, 0, 130, 172, 122, 35, 4.60%, 17, 20, 4, 415.89
1635830191, 0, 130, 172, 122, 35, 4.60%, 17, 21, 4, 405.09
1635831025, 0, 131, 172, 121, 34, 4.60%, 17, 21, 4, 217.98
1635831420, 0, 131, 172, 121, 34, 4.60%, 18, 21, 4, 196.09
1635833009, 0, 132, 172, 120, 33, 4.60%, 18, 21, 4, 490.52
1635833865, 0, 133, 172, 119, 32, 4.60%, 18, 21, 4, 247.02
