# unix_time, cycles_done, cur_path, paths_total, pending_total, pending_favs, map_size, unique_crashes, unique_hangs, max_depth, execs_per_sec
1654175634, 0, 0, 1, 1, 1, 0.03%, 0, 0, 1, 0.19
1654175654, 0, 0, 4, 4, 1, 0.03%, 0, 0, 2, 100.03
1654175670, 0, 0, 5, 5, 1, 0.03%, 0, 0, 2, 3.02
1654175753, 0, 0, 6, 6, 1, 0.03%, 0, 0, 2, 3.04
1654175763, 0, 0, 7, 7, 1, 0.03%, 0, 0, 2, 2.96
1654175841, 0, 0, 8, 8, 1, 0.03%, 0, 0, 2, 3.08
1654175877, 0, 0, 9, 9, 1, 0.03%, 0, 0, 2, 3.10
1654175976, 0, 0, 10, 10, 1, 0.03%, 0, 0, 2, 2.80
1654176095, 0, 0, 11, 11, 1, 0.03%, 0, 0, 2, 2.91
1654176158, 0, 0, 12, 12, 1, 0.03%, 0, 0, 2, 2.74
1654176236, 0, 0, 13, 13, 1, 0.03%, 0, 0, 2, 2.84
1654176330, 0, 0, 14, 14, 1, 0.03%, 0, 0, 2, 2.88
1654176408, 0, 0, 15, 15, 1, 0.03%, 0, 0, 2, 2.85
1654177031, 0, 0, 16, 16, 1, 0.03%, 0, 0, 2, 8.35
1654177976, 0, 0, 17, 17, 1, 0.03%, 0, 0, 2, 43.57
1654177981, 0, 0, 19, 19, 1, 0.03%, 0, 0, 2, 33.67
1654177986, 0, 0, 22, 22, 1, 0.03%, 0, 0, 2, 31.93
1654177991, 0, 0, 27, 27, 1, 0.03%, 0, 0, 2, 21.36
1654178585, 0, 0, 28, 28, 1, 0.03%, 0, 0, 2, 3.03
1654179598, 0, 0, 29, 29, 1, 0.03%, 0, 0, 2, 32.78
1654179603, 0, 0, 30, 30, 1, 0.03%, 0, 0, 2, 3.09
1654179608, 0, 0, 31, 31, 1, 0.03%, 0, 0, 2, 32.11
1654179654, 0, 0, 32, 32, 1, 0.03%, 0, 0, 2, 33.98
1654179695, 0, 0, 33, 33, 1, 0.03%, 0, 0, 2, 30.02
1654179726, 0, 0, 35, 35, 1, 0.03%, 0, 0, 2, 11.92
1654179731, 0, 0, 36, 36, 1, 0.03%, 0, 0, 2, 12.44
1654179736, 0, 0, 38, 38, 1, 0.03%, 0, 0, 2, 12.93
1654179746, 0, 0, 40, 40, 1, 0.03%, 0, 0, 2, 12.08
1654179751, 0, 0, 42, 42, 1, 0.03%, 0, 0, 2, 11.24
1654179756, 0, 0, 43, 43, 1, 0.03%, 1, 0, 2, 11.78
1654179761, 0, 0, 45, 45, 1, 0.04%, 1, 0, 2, 12.00
1654179767, 0, 0, 46, 46, 1, 0.04%, 1, 0, 2, 2.38
1654179777, 0, 0, 47, 47, 1, 0.04%, 1, 0, 2, 12.00
1654179782, 0, 0, 49, 49, 1, 0.05%, 1, 0, 2, 11.94
1654179792, 0, 0, 50, 50, 1, 0.05%, 1, 0, 2, 6.79
1654179803, 0, 0, 52, 52, 1, 0.05%, 1, 0, 2, 7.00
1654179813, 0, 0, 53, 53, 1, 0.05%, 1, 0, 2, 12.53
1654179818, 0, 0, 54, 54, 1, 0.06%, 1, 0, 2, 11.23
1654179823, 0, 0, 55, 55, 1, 0.06%, 1, 0, 2, 9.15
1654179849, 0, 0, 57, 57, 1, 0.06%, 1, 0, 2, 8.94
1654179854, 0, 0, 58, 58, 1, 0.06%, 1, 0, 2, 9.72
1654179859, 0, 0, 59, 59, 1, 0.06%, 1, 0, 2, 10.45
1654179864, 0, 0, 60, 60, 1, 0.06%, 1, 0, 2, 12.28
1654179869, 0, 0, 61, 61, 1, 0.06%, 1, 0, 2, 9.59
1654179875, 0, 0, 63, 63, 1, 0.06%, 1, 0, 2, 11.34
1654179890, 0, 0, 64, 64, 1, 0.06%, 1, 0, 2, 4.02
1654179900, 0, 0, 65, 65, 1, 0.06%, 1, 0, 2, 8.57
1654179916, 0, 0, 66, 66, 1, 0.06%, 1, 0, 2, 9.63
1654179921, 0, 0, 67, 67, 1, 0.06%, 1, 0, 2, 10.69
1654179926, 0, 0, 68, 68, 1, 0.06%, 1, 0, 2, 12.76
1654179931, 0, 0, 70, 70, 1, 0.06%, 1, 0, 2, 13.16
1654179936, 0, 0, 71, 71, 1, 0.06%, 1, 0, 2, 12.66
1654179941, 0, 0, 73, 73, 1, 0.06%, 1, 0, 2, 7.83
1654179946, 0, 0, 74, 74, 1, 0.06%, 1, 0, 2, 10.20
1654179951, 0, 0, 75, 75, 1, 0.06%, 1, 0, 2, 12.91
1654179957, 0, 0, 76, 76, 1, 0.06%, 1, 0, 2, 13.01
1654179962, 0, 0, 77, 77, 1, 0.06%, 1, 0, 2, 13.66
1654179972, 0, 0, 78, 78, 1, 0.06%, 1, 0, 2, 8.85
1654179993, 0, 0, 79, 79, 1, 0.07%, 1, 0, 2, 11.50
1654180014, 0, 0, 80, 80, 1, 0.07%, 1, 0, 2, 2.82
1654180035, 0, 0, 82, 82, 1, 0.07%, 1, 0, 2, 9.91
1654180045, 0, 0, 84, 84, 1, 0.07%, 1, 0, 2, 13.66
1654186390, 0, 0, 85, 85, 1, 0.07%, 1, 0, 2, 3.04
1654186468, 0, 0, 86, 86, 1, 0.07%, 1, 0, 2, 3.05
1654186525, 0, 0, 87, 87, 1, 0.07%, 1, 0, 2, 3.07
1654186733, 0, 0, 88, 88, 1, 0.07%, 1, 0, 2, 3.04
1654203731, 0, 0, 89, 89, 1, 0.07%, 1, 0, 2, 3.08
1654217964, 0, 0, 90, 90, 1, 0.07%, 1, 0, 2, 3.05
1654219632, 0, 0, 91, 91, 1, 0.07%, 1, 0, 2, 3.16
1654219698, 0, 2, 91, 90, 37, 0.07%, 1, 0, 2, 13.47
1654219810, 0, 3, 91, 89, 36, 0.07%, 1, 0, 2, 14.32
1654224314, 0, 8, 91, 88, 35, 0.07%, 1, 0, 2, 67.25
1654224335, 0, 8, 92, 89, 35, 0.07%, 1, 0, 3, 65.61
1654224381, 0, 8, 93, 90, 35, 0.07%, 1, 0, 3, 214.92
1654224447, 0, 8, 94, 91, 35, 0.07%, 1, 0, 3, 45.33
1654225032, 0, 12, 94, 90, 33, 0.07%, 1, 0, 3, 2.55
1654226386, 0, 12, 95, 91, 33, 0.07%, 1, 0, 3, 13.06
1654226391, 0, 12, 96, 92, 33, 0.07%, 2, 0, 3, 12.57
1654226396, 0, 12, 97, 93, 33, 0.07%, 2, 0, 3, 6.41
1654243439, 0, 20, 97, 92, 33, 0.07%, 2, 0, 3, 15.29
1654243890, 0, 20, 98, 93, 33, 0.07%, 2, 0, 3, 26.84
1654244367, 0, 20, 99, 94, 33, 0.07%, 2, 0, 3, 13.77
1654244392, 0, 20, 100, 95, 33, 0.07%, 2, 0, 3, 12.61
1654244495, 0, 20, 101, 96, 33, 0.07%, 2, 0, 3, 7.28
1654244521, 0, 20, 102, 97, 33, 0.07%, 2, 0, 3, 10.22
1654244542, 0, 20, 103, 98, 33, 0.07%, 2, 0, 3, 7.64
1654244593, 0, 20, 105, 100, 33, 0.07%, 2, 0, 3, 13.36
1654245987, 0, 20, 106, 101, 33, 0.07%, 2, 0, 3, 13.92
1654252646, 0, 24, 106, 100, 34, 0.07%, 2, 0, 3, 45.57
1654253040, 0, 24, 107, 101, 34, 0.07%, 2, 0, 3, 13.63
1654254667, 0, 26, 107, 100, 34, 0.07%, 2, 0, 3, 14.61
1654255133, 0, 26, 108, 101, 34, 0.07%, 2, 0, 3, 13.73
1654256583, 0, 27, 108, 100, 33, 0.07%, 2, 0, 3, 2.80
1654260499, 0, 27, 108, 100, 33, 0.07%, 3, 0, 3, 12.79
1654267259, 0, 27, 109, 101, 33, 0.07%, 3, 0, 3, 3.06
1654287440, 0, 27, 110, 102, 33, 0.07%, 3, 0, 3, 3.02
1654287518, 0, 27, 111, 103, 33, 0.07%, 3, 0, 3, 3.04
1654287575, 0, 27, 112, 104, 33, 0.07%, 3, 0, 3, 3.04
1654287784, 0, 27, 113, 105, 33, 0.07%, 3, 0, 3, 3.09
1654300511, 0, 29, 113, 104, 36, 0.07%, 3, 0, 3, 8.56
1654342698, 0, 29, 114, 105, 36, 0.07%, 3, 0, 3, 3.81
1654342740, 0, 30, 114, 104, 35, 0.07%, 3, 0, 3, 9.12
1654349362, 0, 34, 114, 103, 34, 0.07%, 3, 0, 3, 43.57
1654350147, 0, 34, 115, 104, 34, 0.07%, 3, 0, 3, 11.76
1654354132, 0, 38, 115, 103, 33, 0.07%, 3, 0, 3, 8.55
1654385606, 0, 43, 115, 102, 32, 0.07%, 3, 0, 3, 109.38
1654387033, 0, 43, 116, 103, 32, 0.07%, 3, 0, 3, 12.87
1654387100, 0, 43, 117, 104, 32, 0.07%, 3, 0, 3, 12.74
1654387279, 0, 43, 119, 106, 32, 0.07%, 4, 0, 3, 12.44
1654399486, 0, 44, 119, 105, 33, 0.07%, 4, 0, 3, 14.58
1654399501, 0, 44, 120, 106, 33, 0.07%, 4, 0, 3, 8.71
1654403367, 0, 44, 121, 107, 33, 0.07%, 4, 0, 3, 12.45
1654403377, 0, 44, 122, 108, 33, 0.07%, 4, 0, 3, 11.76
1654418472, 0, 44, 123, 109, 33, 0.07%, 4, 0, 3, 8.08
1654419235, 0, 45, 123, 108, 34, 0.07%, 4, 0, 3, 2.24
1654480849, 0, 46, 123, 107, 33, 0.07%, 4, 0, 3, 16.02
1654481059, 0, 46, 124, 108, 33, 0.07%, 4, 0, 3, 7.36
1654481854, 0, 46, 125, 109, 33, 0.07%, 4, 0, 3, 26.91
1654484521, 0, 46, 126, 110, 33, 0.07%, 4, 0, 3, 12.90
1654484825, 0, 46, 127, 111, 33, 0.07%, 4, 0, 3, 3.88
1654485437, 0, 46, 128, 112, 33, 0.07%, 4, 0, 3, 5.27
1654485655, 0, 46, 129, 113, 33, 0.07%, 4, 0, 3, 7.28
1654500183, 0, 47, 129, 112, 33, 0.07%, 4, 0, 3, 8.34
1654502193, 0, 47, 129, 112, 33, 0.07%, 5, 0, 3, 9.98
1654518507, 0, 47, 130, 113, 33, 0.07%, 5, 0, 3, 47.84
1654518538, 0, 49, 130, 112, 32, 0.07%, 5, 0, 3, 2.51
