# unix_time, cycles_done, cur_path, paths_total, pending_total, pending_favs, map_size, unique_crashes, unique_hangs, max_depth, execs_per_sec
1629262916, 0, 0, 1, 1, 1, 0.01%, 0, 0, 1, 0.17
1629262921, 0, 0, 7, 7, 1, 0.02%, 0, 0, 2, 32.05
1629262926, 0, 0, 11, 11, 1, 0.02%, 0, 0, 2, 27.99
1629262931, 0, 0, 14, 14, 1, 0.02%, 0, 0, 2, 26.46
1629262952, 0, 0, 15, 15, 1, 0.02%, 0, 0, 2, 24.24
1629262957, 0, 0, 17, 17, 1, 0.03%, 0, 0, 2, 20.80
1629262967, 0, 0, 21, 21, 1, 0.03%, 0, 0, 2, 19.36
1629262977, 0, 0, 28, 28, 1, 0.03%, 0, 0, 2, 32.80
1629262988, 0, 0, 29, 29, 1, 0.03%, 0, 0, 2, 25.25
1629263013, 0, 0, 30, 30, 1, 0.03%, 0, 0, 2, 22.82
1629263023, 0, 0, 35, 35, 1, 0.03%, 0, 0, 2, 39.90
1629263064, 0, 0, 36, 36, 1, 0.03%, 0, 0, 2, 28.41
1629263075, 0, 0, 38, 38, 1, 0.03%, 0, 0, 2, 17.49
1629263080, 0, 0, 40, 40, 1, 0.03%, 0, 0, 2, 42.26
1629263090, 0, 0, 41, 41, 1, 0.03%, 0, 0, 2, 33.15
1629263095, 0, 0, 43, 43, 1, 0.03%, 0, 0, 2, 30.06
1629263105, 0, 0, 44, 44, 1, 0.03%, 0, 0, 2, 35.88
1629263111, 0, 0, 45, 45, 1, 0.03%, 0, 0, 2, 30.87
1629263146, 0, 0, 46, 46, 1, 0.03%, 0, 0, 2, 30.54
1629263208, 0, 0, 47, 47, 1, 0.03%, 0, 0, 2, 22.14
1629263233, 0, 0, 48, 48, 1, 0.03%, 0, 0, 2, 30.34
1629263238, 0, 0, 49, 49, 1, 0.03%, 0, 0, 2, 36.41
1629263259, 0, 0, 51, 51, 1, 0.03%, 0, 0, 2, 41.06
1629263264, 0, 0, 52, 52, 1, 0.03%, 0, 0, 2, 34.59
1629263280, 0, 0, 54, 54, 1, 0.03%, 0, 0, 2, 71.71
1629263295, 0, 0, 55, 55, 1, 0.03%, 0, 0, 2, 32.41
1629263351, 0, 0, 56, 56, 1, 0.03%, 0, 0, 2, 139.20
1629263356, 0, 0, 58, 58, 1, 0.03%, 0, 0, 2, 66.95
1629263480, 0, 0, 59, 59, 1, 0.03%, 0, 0, 2, 49.20
1629263485, 0, 0, 61, 61, 1, 0.03%, 0, 0, 2, 48.81
1629263490, 0, 0, 70, 70, 1, 0.03%, 0, 0, 2, 48.43
1629263495, 0, 0, 72, 72, 1, 0.03%, 0, 0, 2, 48.43
1629263500, 0, 0, 73, 73, 1, 0.03%, 0, 0, 2, 48.63
1629263541, 0, 0, 74, 74, 1, 0.03%, 0, 0, 2, 29.22
1629263547, 0, 0, 77, 77, 1, 0.03%, 0, 0, 2, 33.53
1629263552, 0, 0, 78, 78, 1, 0.03%, 0, 0, 2, 30.68
1629263628, 0, 0, 79, 79, 1, 0.03%, 0, 0, 2, 29.88
1629263843, 0, 0, 80, 80, 1, 0.03%, 0, 0, 2, 31.81
1629264093, 0, 0, 81, 81, 1, 0.03%, 0, 0, 2, 23.19
1629264109, 0, 0, 82, 82, 1, 0.03%, 0, 0, 2, 21.45
1629264114, 0, 0, 83, 83, 1, 0.03%, 0, 0, 2, 21.63
1629264134, 0, 0, 84, 84, 1, 0.03%, 0, 0, 2, 35.95
1629264180, 0, 0, 85, 85, 1, 0.03%, 0, 0, 2, 248.06
1629264206, 0, 0, 86, 86, 1, 0.03%, 0, 0, 2, 47.96
1629264211, 0, 0, 87, 87, 1, 0.03%, 1, 0, 2, 38.29
1629264216, 0, 0, 89, 89, 1, 0.03%, 1, 0, 2, 36.65
1629264221, 0, 0, 94, 94, 1, 0.03%, 1, 0, 2, 36.71
1629264226, 0, 0, 97, 97, 1, 0.03%, 1, 0, 2, 42.20
1629264232, 0, 0, 99, 99, 1, 0.03%, 1, 0, 2, 38.99
1629264247, 0, 0, 102, 102, 1, 0.03%, 1, 0, 2, 39.70
1629264267, 0, 0, 103, 103, 1, 0.03%, 1, 0, 2, 47.96
1629264442, 0, 0, 104, 104, 1, 0.03%, 1, 0, 2, 29.02
1629264447, 0, 0, 105, 105, 1, 0.03%, 1, 0, 2, 29.20
1629264462, 0, 0, 106, 106, 1, 0.03%, 1, 0, 2, 29.53
1629264883, 0, 0, 107, 107, 1, 0.03%, 1, 0, 2, 29.49
1629264913, 0, 0, 108, 108, 1, 0.03%, 1, 0, 2, 29.26
1629266640, 0, 0, 109, 109, 1, 0.03%, 1, 0, 2, 21.52
1629266650, 0, 0, 110, 110, 1, 0.03%, 1, 0, 2, 21.51
1629267947, 0, 0, 111, 111, 1, 0.03%, 1, 0, 2, 38.08
1629267978, 0, 0, 115, 115, 1, 0.03%, 1, 0, 2, 50.27
1629267983, 0, 0, 116, 116, 1, 0.03%, 1, 0, 2, 61.66
1629267993, 0, 0, 120, 120, 1, 0.03%, 1, 0, 2, 54.58
1629268004, 0, 0, 123, 123, 1, 0.03%, 1, 0, 2, 53.91
1629268009, 0, 0, 124, 124, 1, 0.03%, 1, 0, 2, 61.27
1629268014, 0, 0, 125, 125, 1, 0.03%, 1, 0, 2, 60.06
1629268019, 0, 0, 126, 126, 1, 0.03%, 1, 0, 2, 58.56
1629268024, 0, 0, 127, 127, 1, 0.03%, 1, 0, 2, 57.87
1629268034, 0, 0, 128, 128, 1, 0.03%, 1, 0, 2, 57.68
1629268040, 0, 0, 129, 129, 1, 0.03%, 1, 0, 2, 56.54
1629268050, 0, 0, 130, 130, 1, 0.03%, 1, 0, 2, 55.73
1629268065, 0, 0, 131, 131, 1, 0.03%, 1, 0, 2, 59.70
1629268106, 0, 0, 132, 132, 1, 0.03%, 1, 0, 2, 56.53
1629268126, 0, 0, 133, 133, 1, 0.03%, 1, 0, 2, 53.79
1629268137, 0, 0, 134, 134, 1, 0.03%, 1, 0, 2, 59.13
1629268147, 0, 0, 135, 135, 1, 0.03%, 1, 0, 2, 57.26
1629268188, 0, 0, 136, 136, 1, 0.03%, 1, 0, 2, 57.69
1629268203, 0, 0, 137, 137, 1, 0.03%, 1, 0, 2, 60.03
1629268326, 0, 0, 138, 138, 1, 0.03%, 1, 0, 2, 61.32
1629268336, 0, 0, 139, 139, 1, 0.03%, 1, 0, 2, 57.12
1629268346, 0, 0, 140, 140, 1, 0.03%, 1, 0, 2, 58.06
1629268377, 0, 0, 141, 141, 1, 0.03%, 1, 0, 2, 58.73
1629268402, 0, 0, 142, 142, 1, 0.03%, 1, 0, 2, 57.85
1629268413, 0, 0, 143, 143, 1, 0.03%, 1, 0, 2, 60.37
1629268423, 0, 0, 144, 144, 1, 0.03%, 1, 0, 2, 57.80
1629268525, 0, 3, 144, 143, 48, 0.03%, 1, 0, 2, 47.85
1629269524, 0, 3, 144, 143, 48, 0.03%, 2, 0, 2, 37.28
1629269535, 0, 3, 145, 144, 48, 0.03%, 2, 0, 3, 41.09
1629272548, 0, 7, 145, 143, 47, 0.03%, 2, 0, 3, 66.09
1629272892, 0, 7, 146, 144, 47, 0.03%, 2, 0, 3, 96.16
1629272902, 0, 8, 146, 143, 46, 0.03%, 2, 0, 3, 99.71
1629273015, 0, 8, 146, 143, 46, 0.03%, 3, 0, 3, 48.72
1629273291, 0, 9, 146, 142, 45, 0.03%, 3, 0, 3, 94.19
1629273640, 0, 15, 146, 141, 44, 0.03%, 3, 0, 3, 23.12
1629275089, 0, 15, 146, 141, 44, 0.03%, 4, 0, 3, 37.38
1629275094, 0, 15, 147, 142, 44, 0.03%, 4, 0, 3, 35.13
1629279900, 0, 20, 147, 141, 45, 0.03%, 4, 0, 3, 43.14
1629281620, 0, 20, 148, 142, 45, 0.03%, 4, 0, 3, 20.09
1629286322, 0, 24, 148, 141, 44, 0.03%, 4, 0, 3, 51.13
1629286429, 0, 24, 149, 142, 44, 0.03%, 4, 0, 3, 47.34
1629286644, 0, 24, 150, 143, 44, 0.03%, 4, 0, 3, 49.33
1629286746, 0, 24, 151, 144, 44, 0.03%, 4, 0, 3, 270.67
1629286762, 0, 24, 152, 145, 44, 0.03%, 4, 0, 3, 49.09
1629287315, 0, 24, 152, 145, 44, 0.03%, 5, 0, 3, 38.01
1629290309, 0, 33, 152, 144, 46, 0.03%, 5, 0, 3, 66.52
1629290650, 0, 35, 152, 143, 45, 0.03%, 5, 0, 3, 122.34
1629291888, 0, 35, 152, 143, 45, 0.03%, 6, 0, 3, 37.92
1629295618, 0, 36, 152, 142, 44, 0.03%, 6, 0, 3, 114.31
1629295710, 0, 37, 152, 141, 43, 0.03%, 6, 0, 3, 83.90
1629296721, 0, 37, 153, 142, 43, 0.03%, 6, 0, 3, 38.86
1629296741, 0, 37, 154, 143, 43, 0.03%, 6, 0, 3, 39.94
1629299740, 0, 38, 154, 142, 42, 0.03%, 6, 0, 3, 74.15
1629299853, 0, 38, 156, 144, 42, 0.03%, 6, 0, 3, 47.93
1629299858, 0, 38, 157, 145, 42, 0.03%, 6, 0, 3, 48.90
1629299873, 0, 38, 158, 146, 42, 0.04%, 6, 0, 3, 49.01
1629299878, 0, 38, 159, 147, 42, 0.04%, 6, 0, 3, 49.17
1629300087, 0, 39, 159, 146, 41, 0.04%, 6, 0, 3, 133.32
1629300097, 0, 39, 160, 147, 41, 0.04%, 6, 0, 3, 96.71
1629300103, 0, 39, 161, 148, 41, 0.04%, 6, 0, 3, 58.25
1629300143, 0, 39, 162, 149, 41, 0.04%, 6, 0, 3, 117.87
1629300434, 0, 46, 162, 148, 43, 0.04%, 6, 0, 3, 134.77
1629301346, 0, 46, 163, 149, 43, 0.04%, 6, 0, 3, 30.56
1629303906, 0, 48, 163, 148, 42, 0.04%, 6, 0, 3, 61.26
1629307664, 0, 48, 165, 150, 42, 0.04%, 6, 0, 3, 68.69
1629307700, 0, 48, 166, 151, 42, 0.04%, 6, 0, 3, 72.27
1629307730, 0, 48, 167, 152, 42, 0.04%, 6, 0, 3, 73.88
1629307755, 0, 48, 168, 153, 42, 0.04%, 6, 0, 3, 65.66
1629307780, 0, 48, 169, 154, 42, 0.04%, 6, 0, 3, 69.65
1629307877, 0, 48, 170, 155, 42, 0.04%, 6, 0, 3, 68.88
1629307948, 0, 48, 171, 156, 42, 0.04%, 6, 0, 3, 74.40
1629308110, 0, 49, 171, 155, 41, 0.04%, 6, 0, 3, 60.00
1629308212, 0, 49, 171, 155, 41, 0.04%, 7, 0, 3, 49.42
1629308451, 0, 50, 171, 154, 40, 0.04%, 7, 0, 3, 107.24
1629308797, 0, 51, 171, 153, 39, 0.04%, 7, 0, 3, 67.88
1629309114, 0, 51, 172, 154, 39, 0.04%, 7, 0, 3, 27.82
1629309318, 0, 51, 173, 155, 39, 0.04%, 7, 0, 3, 49.77
1629310028, 0, 51, 173, 155, 39, 0.04%, 8, 0, 3, 37.85
1629313753, 0, 53, 173, 154, 39, 0.04%, 8, 0, 3, 61.88
1629313810, 0, 53, 174, 155, 39, 0.04%, 8, 0, 3, 49.74
1629313866, 0, 53, 175, 156, 39, 0.04%, 8, 0, 3, 47.86
1629313881, 0, 53, 176, 157, 39, 0.04%, 8, 0, 3, 48.55
1629314101, 0, 54, 176, 156, 39, 0.04%, 8, 0, 3, 119.30
1629314265, 0, 54, 177, 157, 39, 0.04%, 8, 0, 3, 30.50
1629314459, 0, 54, 178, 158, 39, 0.04%, 8, 0, 3, 32.10
1629315011, 0, 54, 179, 159, 39, 0.04%, 8, 0, 3, 23.98
1629315322, 0, 54, 179, 159, 39, 0.04%, 9, 0, 3, 39.97
1629316029, 0, 54, 180, 160, 39, 0.04%, 9, 0, 3, 30.08
1629319038, 0, 54, 181, 161, 39, 0.04%, 9, 0, 3, 57.88
1629319063, 0, 60, 181, 160, 39, 0.04%, 9, 0, 3, 61.93
1629319170, 0, 60, 182, 161, 39, 0.04%, 9, 0, 3, 49.25
1629319348, 0, 60, 183, 162, 39, 0.04%, 9, 0, 3, 49.07
1629319409, 0, 61, 183, 161, 38, 0.04%, 9, 0, 3, 81.25
1629319679, 0, 61, 184, 162, 38, 0.04%, 9, 0, 3, 49.29
1629319689, 0, 61, 185, 163, 38, 0.04%, 9, 0, 3, 48.25
1629320290, 0, 61, 186, 164, 38, 0.04%, 9, 0, 3, 109.11
1629320301, 0, 67, 186, 163, 37, 0.04%, 9, 0, 3, 95.96
1629320352, 0, 67, 187, 164, 37, 0.04%, 9, 0, 3, 56.60
1629320413, 0, 67, 188, 165, 37, 0.04%, 9, 0, 3, 47.26
1629320428, 0, 67, 189, 166, 37, 0.04%, 9, 0, 3, 48.42
1629320647, 0, 72, 189, 165, 37, 0.04%, 9, 0, 3, 124.07
1629321353, 0, 74, 189, 164, 36, 0.04%, 9, 0, 3, 122.93
1629322770, 0, 74, 189, 164, 36, 0.04%, 10, 0, 3, 37.56
1629325168, 0, 74, 190, 165, 36, 0.04%, 10, 0, 3, 21.40
1629327453, 0, 74, 191, 166, 36, 0.04%, 10, 0, 3, 57.55
1629327474, 0, 76, 191, 165, 35, 0.04%, 10, 0, 3, 51.36
1629328425, 0, 76, 192, 166, 35, 0.04%, 10, 0, 3, 24.88
1629328634, 0, 76, 192, 166, 35, 0.04%, 11, 0, 3, 37.83
1629332367, 0, 79, 192, 165, 35, 0.04%, 11, 0, 3, 58.33
1629332992, 0, 79, 193, 166, 35, 0.04%, 11, 0, 3, 22.52
1629333686, 0, 79, 194, 167, 35, 0.04%, 11, 0, 3, 37.45
1629333701, 0, 79, 195, 168, 35, 0.04%, 11, 0, 3, 38.93
1629338337, 0, 80, 195, 167, 35, 0.04%, 11, 0, 3, 47.43
1629339672, 0, 80, 195, 167, 35, 0.04%, 12, 0, 3, 38.35
1629344451, 0, 80, 196, 168, 35, 0.04%, 12, 0, 3, 58.95
1629344467, 0, 80, 197, 169, 35, 0.04%, 12, 0, 3, 54.87
1629344518, 0, 84, 197, 168, 34, 0.04%, 12, 0, 3, 59.79
1629344528, 0, 84, 198, 169, 34, 0.04%, 12, 0, 3, 70.31
1629344964, 0, 86, 198, 168, 33, 0.04%, 12, 0, 3, 64.09
1629345425, 0, 86, 199, 169, 33, 0.04%, 12, 0, 3, 48.60
1629345983, 0, 86, 200, 170, 33, 0.04%, 12, 0, 3, 39.60
1629348972, 0, 94, 200, 169, 33, 0.04%, 12, 0, 3, 59.05
1629348977, 0, 94, 201, 170, 33, 0.04%, 12, 0, 3, 40.60
1629348982, 0, 94, 203, 172, 33, 0.04%, 12, 0, 3, 35.96
1629349023, 0, 94, 204, 173, 33, 0.04%, 12, 0, 3, 35.74
1629349064, 0, 94, 205, 174, 33, 0.04%, 12, 0, 3, 46.57
1629349105, 0, 94, 206, 175, 33, 0.04%, 12, 0, 3, 27.66
1629349110, 0, 94, 207, 176, 33, 0.04%, 12, 0, 3, 28.23
1629349141, 0, 94, 208, 177, 33, 0.04%, 12, 0, 3, 30.51
1629349146, 0, 94, 209, 178, 33, 0.04%, 12, 0, 3, 29.72
1629349356, 0, 94, 212, 181, 33, 0.04%, 12, 0, 3, 37.26
1629349479, 0, 94, 213, 182, 33, 0.04%, 12, 0, 3, 41.05
1629349668, 0, 94, 214, 183, 33, 0.04%, 12, 0, 3, 36.77
1629349674, 0, 94, 220, 189, 33, 0.04%, 12, 0, 3, 36.85
1629349679, 0, 94, 222, 191, 33, 0.04%, 12, 0, 3, 38.12
1629349684, 0, 94, 223, 192, 33, 0.04%, 12, 0, 3, 38.61
1629349699, 0, 94, 224, 193, 33, 0.04%, 12, 0, 3, 41.72
1629349719, 0, 94, 225, 194, 33, 0.04%, 12, 0, 3, 39.66
1629350419, 0, 94, 226, 195, 33, 0.04%, 12, 0, 3, 39.24
1629350587, 0, 94, 227, 196, 33, 0.04%, 12, 0, 3, 33.81
1629350603, 0, 94, 228, 197, 33, 0.04%, 12, 0, 3, 40.20
1629350608, 0, 94, 229, 198, 33, 0.04%, 12, 0, 3, 35.73
