# unix_time, cycles_done, cur_path, paths_total, pending_total, pending_favs, map_size, unique_crashes, unique_hangs, max_depth, execs_per_sec
1650726643, 0, 0, 1, 1, 1, 0.11%, 0, 0, 1, 35.71
1650726648, 0, 0, 15, 15, 1, 0.24%, 1, 0, 2, 495.71
1650726653, 0, 0, 20, 20, 1, 0.24%, 1, 0, 2, 524.07
1650726659, 0, 0, 23, 23, 1, 0.24%, 1, 0, 2, 443.40
1650726664, 0, 0, 27, 27, 1, 0.24%, 1, 0, 2, 381.37
1650726679, 0, 0, 30, 30, 1, 0.26%, 1, 0, 2, 318.49
1650726684, 0, 0, 34, 34, 1, 0.26%, 1, 0, 2, 285.18
1650726689, 0, 0, 37, 37, 1, 0.26%, 1, 0, 2, 278.25
1650726714, 0, 0, 38, 38, 1, 0.30%, 1, 0, 2, 272.36
1650726719, 0, 0, 39, 39, 1, 0.30%, 1, 0, 2, 316.32
1650726760, 0, 0, 40, 40, 1, 0.30%, 1, 0, 2, 202.71
1650726765, 0, 0, 41, 41, 1, 0.30%, 1, 0, 2, 199.94
1650726780, 0, 0, 43, 43, 1, 0.31%, 1, 0, 2, 256.26
1650726790, 0, 0, 45, 45, 1, 0.31%, 1, 0, 2, 272.70
1650726886, 0, 0, 48, 48, 1, 0.32%, 1, 0, 2, 218.23
1650726973, 0, 0, 49, 49, 1, 0.32%, 1, 0, 2, 215.01
1650727196, 0, 0, 50, 50, 1, 0.32%, 1, 0, 2, 195.57
1650727977, 0, 0, 52, 52, 1, 0.32%, 1, 0, 2, 267.20
1650727982, 0, 0, 54, 54, 1, 0.32%, 1, 0, 2, 255.72
1650727993, 0, 0, 55, 55, 1, 0.32%, 1, 0, 2, 287.79
1650728028, 0, 0, 56, 56, 1, 0.32%, 1, 0, 2, 277.00
1650728048, 0, 0, 57, 57, 1, 0.32%, 1, 0, 2, 264.54
1650728094, 0, 5, 57, 56, 15, 0.32%, 1, 0, 2, 244.26
1650729337, 0, 6, 57, 55, 14, 0.32%, 1, 0, 2, 254.50
1650730737, 0, 11, 57, 54, 13, 0.32%, 1, 0, 2, 234.24
1650730793, 0, 11, 58, 55, 13, 0.34%, 1, 0, 3, 165.26
1650730904, 0, 12, 58, 54, 13, 0.34%, 1, 0, 3, 242.38
1650732092, 0, 12, 59, 55, 13, 0.34%, 1, 0, 3, 207.46
1650732148, 0, 16, 59, 54, 12, 0.34%, 1, 0, 3, 221.15
1650733396, 0, 16, 60, 55, 12, 0.34%, 1, 0, 3, 280.84
1650733401, 0, 19, 60, 54, 11, 0.34%, 1, 0, 3, 251.47
1650733990, 0, 24, 60, 53, 10, 0.34%, 1, 0, 3, 256.40
1650735234, 0, 24, 61, 54, 10, 0.34%, 1, 0, 3, 251.83
1650735244, 0, 25, 61, 53, 9, 0.34%, 1, 0, 3, 255.02
1650736568, 0, 27, 61, 52, 8, 0.34%, 1, 0, 3, 175.86
1650738112, 0, 36, 61, 51, 7, 0.34%, 1, 0, 3, 204.05
1650738127, 0, 36, 62, 52, 7, 0.35%, 1, 0, 3, 211.67
1650739518, 0, 37, 62, 51, 7, 0.35%, 1, 0, 3, 244.52
1650739844, 0, 37, 63, 52, 7, 0.35%, 1, 0, 3, 190.14
1650740843, 0, 37, 64, 53, 7, 0.36%, 1, 0, 3, 187.14
1650740858, 0, 37, 68, 57, 7, 0.38%, 1, 0, 3, 183.14
1650740878, 0, 37, 69, 58, 7, 0.38%, 1, 0, 3, 183.99
1650740894, 0, 37, 70, 59, 7, 0.38%, 1, 0, 3, 178.87
1650741050, 0, 40, 70, 58, 9, 0.38%, 1, 0, 3, 251.15
1650743163, 0, 42, 70, 57, 8, 0.38%, 1, 0, 3, 247.11
1650743458, 0, 44, 70, 56, 7, 0.38%, 1, 0, 3, 260.07
1650743839, 0, 44, 71, 57, 7, 0.38%, 1, 0, 3, 210.23
1650744935, 0, 45, 71, 56, 7, 0.38%, 1, 0, 3, 241.25
1650745483, 0, 45, 72, 57, 7, 0.38%, 1, 0, 3, 237.99
1650746187, 0, 46, 72, 56, 6, 0.38%, 1, 0, 3, 249.34
1650746825, 0, 46, 73, 57, 6, 0.38%, 1, 0, 3, 227.21
1650747474, 0, 57, 73, 56, 6, 0.38%, 1, 0, 3, 261.06
1650747728, 0, 61, 73, 55, 5, 0.38%, 1, 0, 3, 232.76
1650747886, 0, 61, 74, 56, 5, 0.38%, 1, 0, 4, 138.56
1650749138, 0, 62, 74, 55, 4, 0.38%, 1, 0, 4, 217.07
1650749671, 0, 62, 75, 56, 4, 0.38%, 1, 0, 4, 208.14
1650749712, 0, 62, 76, 57, 4, 0.38%, 1, 0, 4, 186.67
1650750579, 0, 63, 76, 56, 3, 0.38%, 1, 0, 4, 235.95
1650750584, 0, 63, 77, 57, 3, 0.38%, 1, 0, 4, 207.17
1650750614, 0, 63, 78, 58, 3, 0.38%, 1, 0, 4, 186.69
1650750624, 0, 63, 79, 59, 3, 0.38%, 1, 0, 4, 187.26
1650750655, 0, 63, 80, 60, 3, 0.38%, 1, 0, 4, 242.90
1650751933, 0, 63, 81, 61, 3, 0.38%, 1, 0, 4, 189.07
1650751953, 0, 63, 82, 62, 3, 0.38%, 1, 0, 4, 185.04
1650752070, 0, 63, 83, 63, 3, 0.38%, 1, 0, 4, 178.44
1650752120, 0, 63, 85, 65, 3, 0.38%, 1, 0, 4, 177.19
1650752318, 0, 63, 86, 66, 3, 0.38%, 1, 0, 4, 252.35
1650752323, 0, 72, 86, 65, 5, 0.38%, 1, 0, 4, 236.91
1650752434, 0, 72, 87, 66, 5, 0.38%, 1, 0, 4, 259.04
1650753793, 0, 77, 87, 65, 5, 0.38%, 1, 0, 4, 243.15
1650753828, 0, 77, 89, 67, 5, 0.41%, 1, 0, 5, 184.42
1650755319, 0, 77, 90, 68, 5, 0.41%, 1, 0, 5, 177.56
1650755334, 0, 77, 91, 69, 5, 0.41%, 1, 0, 5, 173.34
1650755339, 0, 77, 96, 74, 5, 0.41%, 1, 0, 5, 172.94
1650755522, 0, 77, 97, 75, 5, 0.41%, 1, 0, 5, 259.49
1650755532, 0, 78, 97, 74, 8, 0.41%, 1, 0, 5, 214.62
1650757273, 0, 78, 98, 75, 8, 0.41%, 1, 0, 5, 254.78
1650757278, 0, 78, 99, 76, 8, 0.41%, 1, 0, 5, 257.84
1650757293, 0, 81, 99, 75, 8, 0.41%, 1, 0, 5, 219.50
1650759226, 0, 81, 100, 76, 8, 0.41%, 1, 0, 5, 245.50
1650759236, 0, 81, 101, 77, 8, 0.41%, 1, 0, 5, 245.50
1650759247, 0, 81, 102, 78, 8, 0.41%, 1, 0, 5, 263.26
1650759272, 0, 82, 102, 77, 8, 0.41%, 1, 0, 5, 233.61
1650761124, 0, 85, 102, 76, 7, 0.41%, 1, 0, 5, 233.11
1650762865, 0, 85, 103, 77, 7, 0.41%, 1, 0, 5, 174.05
1650762900, 0, 86, 103, 76, 7, 0.41%, 1, 0, 5, 244.14
1650763853, 0, 86, 104, 77, 7, 0.41%, 1, 0, 5, 239.69
1650764361, 0, 87, 105, 77, 6, 0.41%, 1, 0, 6, 199.12
1650764392, 0, 87, 106, 78, 6, 0.41%, 1, 0, 6, 192.53
1650764493, 0, 87, 107, 79, 6, 0.41%, 1, 0, 6, 190.18
1650765905, 0, 87, 108, 80, 6, 0.41%, 1, 0, 6, 191.95
1650766092, 0, 88, 108, 79, 6, 0.41%, 1, 0, 6, 213.07
1650767681, 0, 88, 109, 80, 6, 0.41%, 1, 0, 6, 179.47
1650767828, 0, 92, 109, 79, 5, 0.41%, 1, 0, 6, 231.41
1650770557, 0, 95, 109, 78, 4, 0.41%, 1, 0, 6, 211.39
1650772393, 0, 95, 110, 79, 4, 0.41%, 1, 0, 6, 269.23
1650772403, 0, 98, 110, 78, 3, 0.41%, 1, 0, 6, 213.59
1650774181, 0, 98, 111, 79, 3, 0.41%, 1, 0, 6, 259.50
1650774187, 0, 98, 112, 80, 3, 0.41%, 1, 0, 6, 267.68
1650774207, 0, 105, 112, 79, 2, 0.41%, 1, 0, 6, 258.17
1650775936, 0, 105, 113, 80, 2, 0.41%, 1, 0, 7, 273.60
1650775941, 0, 105, 114, 81, 2, 0.41%, 1, 0, 7, 294.25
1650775961, 0, 106, 114, 80, 2, 0.41%, 1, 0, 7, 227.58
1650777741, 0, 112, 114, 79, 1, 0.41%, 1, 0, 7, 216.98
1650778244, 0, 112, 115, 80, 1, 0.41%, 1, 0, 8, 192.83
1650779068, 0, 112, 116, 81, 1, 0.41%, 1, 0, 8, 259.65
1650779073, 0, 112, 117, 82, 1, 0.41%, 1, 0, 8, 249.50
1650779088, 0, 115, 117, 81, 1, 0.41%, 1, 0, 8, 273.02
1650779093, 0, 115, 118, 82, 1, 0.41%, 1, 0, 9, 205.46
1650779104, 0, 115, 119, 83, 1, 0.41%, 1, 0, 9, 208.94
1650779221, 0, 115, 120, 84, 1, 0.41%, 1, 0, 9, 192.37
1650780964, 0, 115, 121, 85, 1, 0.41%, 1, 0, 9, 261.95
1650780979, 0, 119, 121, 84, 1, 0.41%, 1, 0, 9, 246.97
1650782860, 0, 120, 122, 84, 1, 0.41%, 1, 0, 10, 223.37
1650782865, 0, 120, 124, 86, 1, 0.41%, 1, 0, 10, 218.04
1650782871, 0, 120, 125, 87, 1, 0.41%, 1, 0, 10, 214.70
1650785336, 0, 120, 126, 88, 1, 0.41%, 1, 0, 10, 246.92
1650785356, 0, 124, 126, 87, 1, 0.41%, 1, 0, 10, 230.66
1650785559, 0, 124, 127, 88, 1, 0.41%, 1, 0, 11, 338.11
1650787843, 1, 3, 127, 87, 0, 0.41%, 1, 0, 11, 263.25
1650788782, 1, 5, 127, 86, 0, 0.41%, 1, 0, 11, 293.10
1650788787, 1, 13, 127, 86, 0, 0.41%, 1, 0, 11, 317.09
1650790127, 1, 13, 128, 87, 0, 0.41%, 1, 0, 11, 275.75
1650790132, 1, 13, 129, 88, 0, 0.41%, 1, 0, 11, 304.79
1650790142, 1, 18, 129, 87, 0, 0.41%, 1, 0, 11, 253.66
1650790656, 1, 25, 129, 86, 0, 0.41%, 1, 0, 11, 336.39
1650790661, 1, 28, 129, 86, 0, 0.41%, 1, 0, 11, 208.33
1650791570, 1, 31, 129, 85, 0, 0.41%, 1, 0, 11, 212.02
1650792581, 1, 32, 129, 84, 0, 0.41%, 1, 0, 11, 249.16
1650793519, 1, 33, 129, 83, 0, 0.41%, 1, 0, 11, 279.03
1650794092, 1, 34, 129, 82, 0, 0.41%, 1, 0, 11, 243.16
1650795501, 1, 39, 129, 81, 0, 0.41%, 1, 0, 11, 206.41
1650795628, 1, 39, 130, 82, 0, 0.41%, 1, 0, 11, 175.64
1650798007, 1, 39, 131, 83, 0, 0.41%, 1, 0, 11, 239.39
1650798017, 1, 47, 131, 82, 0, 0.41%, 1, 0, 11, 272.44
1650799419, 1, 48, 131, 81, 0, 0.41%, 1, 0, 11, 234.83
1650802756, 1, 53, 131, 80, 0, 0.41%, 1, 0, 11, 316.48
1650803759, 1, 58, 132, 80, 0, 0.41%, 1, 0, 11, 365.08
1650804759, 1, 58, 134, 82, 0, 0.41%, 1, 0, 11, 360.66
1650804764, 1, 59, 134, 81, 0, 0.41%, 1, 0, 11, 345.06
1650805533, 1, 59, 135, 82, 0, 0.41%, 1, 0, 11, 363.01
1650805538, 1, 59, 136, 83, 0, 0.41%, 1, 0, 11, 372.15
1650805543, 1, 65, 136, 82, 0, 0.41%, 1, 0, 11, 330.22
1650807735, 1, 65, 138, 84, 0, 0.41%, 1, 0, 11, 271.72
1650807740, 1, 66, 138, 83, 0, 0.41%, 1, 0, 11, 231.53
1650810069, 1, 67, 138, 82, 0, 0.41%, 1, 0, 11, 220.87
1650812693, 1, 69, 138, 81, 0, 0.41%, 1, 0, 11, 223.57
1650814938, 1, 71, 138, 80, 0, 0.41%, 1, 0, 11, 245.07
1650815795, 1, 71, 139, 81, 0, 0.41%, 1, 0, 11, 253.07
1650816456, 1, 71, 140, 82, 0, 0.41%, 1, 0, 11, 243.20
1650816461, 1, 76, 140, 81, 0, 0.41%, 1, 0, 11, 218.67
1650818193, 1, 82, 140, 80, 0, 0.41%, 1, 0, 11, 297.67
1650818198, 1, 83, 140, 80, 0, 0.41%, 1, 0, 11, 226.28
1650820593, 1, 87, 141, 80, 0, 0.41%, 1, 0, 11, 299.14
1650820598, 1, 93, 141, 80, 0, 0.41%, 1, 0, 11, 213.51
1650823870, 1, 93, 142, 81, 0, 0.41%, 1, 0, 11, 248.76
1650823875, 1, 93, 143, 82, 0, 0.41%, 1, 0, 11, 250.08
1650823890, 1, 93, 144, 83, 0, 0.41%, 1, 0, 11, 250.89
1650823905, 1, 93, 145, 84, 0, 0.41%, 1, 0, 11, 278.93
1650823946, 1, 93, 146, 85, 0, 0.41%, 1, 0, 11, 266.53
1650823991, 1, 98, 146, 84, 0, 0.41%, 1, 0, 11, 286.01
1650823997, 1, 99, 146, 84, 0, 0.41%, 1, 0, 11, 230.67
1650826035, 1, 103, 146, 83, 0, 0.41%, 1, 0, 11, 247.57
1650827430, 1, 104, 146, 82, 0, 0.41%, 1, 0, 11, 240.27
1650829173, 1, 110, 146, 81, 0, 0.41%, 1, 0, 11, 237.55
1650831585, 1, 110, 147, 82, 0, 0.41%, 1, 0, 11, 198.26
1650831590, 1, 110, 148, 83, 0, 0.41%, 1, 0, 11, 262.22
1650831615, 1, 112, 149, 83, 0, 0.41%, 1, 0, 11, 282.19
1650831620, 1, 114, 149, 83, 0, 0.41%, 1, 0, 11, 228.86
1650832994, 1, 122, 149, 82, 0, 0.41%, 1, 0, 11, 251.52
1650835399, 1, 122, 153, 86, 0, 0.41%, 1, 0, 11, 229.61
1650835429, 1, 122, 154, 87, 0, 0.41%, 1, 0, 11, 295.00
1650835440, 1, 122, 155, 88, 0, 0.41%, 1, 0, 11, 275.33
1650835460, 1, 122, 156, 89, 0, 0.41%, 1, 0, 11, 265.05
1650835490, 1, 124, 157, 89, 0, 0.41%, 1, 0, 11, 255.87
1650835496, 1, 124, 159, 91, 0, 0.41%, 1, 0, 11, 267.40
1650835511, 1, 125, 159, 91, 0, 0.41%, 1, 0, 11, 254.14
1650838314, 1, 138, 159, 90, 0, 0.41%, 1, 0, 11, 247.06
1650839687, 1, 140, 159, 89, 0, 0.41%, 1, 0, 11, 222.19
1650841599, 1, 140, 160, 90, 0, 0.41%, 1, 0, 11, 211.11
1650841604, 1, 140, 162, 92, 0, 0.41%, 1, 0, 11, 263.61
1650841716, 1, 141, 162, 91, 0, 0.41%, 1, 0, 11, 282.12
1650841737, 1, 141, 163, 92, 0, 0.41%, 1, 0, 11, 178.49
1650846589, 1, 141, 164, 93, 0, 0.41%, 1, 0, 11, 192.19
1650846625, 1, 141, 165, 94, 0, 0.41%, 1, 0, 11, 241.43
1650846671, 1, 144, 165, 93, 0, 0.41%, 1, 0, 11, 191.00
1650851352, 1, 150, 165, 92, 0, 0.41%, 1, 0, 11, 230.65
1650854231, 1, 151, 165, 91, 0, 0.41%, 1, 0, 11, 224.02
1650857970, 1, 151, 166, 92, 0, 0.41%, 1, 0, 12, 252.92
1650857975, 1, 151, 167, 93, 0, 0.41%, 1, 0, 12, 251.70
1650858031, 1, 151, 168, 94, 0, 0.41%, 1, 0, 12, 250.07
1650858036, 1, 158, 168, 93, 0, 0.41%, 1, 0, 12, 253.25
1650861153, 1, 158, 169, 94, 0, 0.41%, 1, 0, 12, 278.02
1650861188, 2, 4, 169, 93, 0, 0.41%, 1, 0, 12, 255.86
1650862269, 2, 5, 169, 92, 0, 0.41%, 1, 0, 12, 262.90
1650862274, 2, 10, 169, 92, 0, 0.41%, 1, 0, 12, 246.97
1650863387, 2, 12, 169, 91, 0, 0.41%, 1, 0, 12, 296.01
1650863392, 2, 20, 169, 91, 0, 0.41%, 1, 0, 12, 311.52
1650864397, 2, 21, 169, 90, 0, 0.41%, 1, 0, 12, 263.89
1650865463, 2, 27, 169, 89, 0, 0.41%, 1, 0, 12, 271.46
1650865468, 2, 29, 169, 89, 0, 0.41%, 1, 0, 12, 214.06
1650866677, 2, 29, 170, 90, 0, 0.41%, 1, 0, 12, 223.41
1650866682, 2, 29, 171, 91, 0, 0.41%, 1, 0, 12, 248.03
1650866692, 2, 35, 171, 90, 0, 0.41%, 1, 0, 12, 260.66
1650867938, 2, 37, 171, 89, 0, 0.41%, 1, 0, 12, 310.85
1650867943, 2, 43, 171, 89, 0, 0.41%, 1, 0, 12, 243.04
1650869664, 2, 49, 171, 88, 0, 0.41%, 1, 0, 12, 262.40
1650871093, 2, 49, 173, 90, 0, 0.41%, 1, 0, 12, 271.99
1650871103, 2, 55, 173, 89, 0, 0.41%, 1, 0, 12, 304.16
1650872795, 2, 55, 174, 90, 0, 0.41%, 1, 0, 12, 247.42
1650872810, 2, 61, 174, 89, 0, 0.41%, 1, 0, 12, 288.19
1650872815, 2, 70, 174, 89, 0, 0.41%, 1, 0, 12, 247.68
1650874751, 2, 75, 174, 88, 0, 0.41%, 1, 0, 12, 210.07
1650876440, 2, 76, 174, 87, 0, 0.41%, 1, 0, 12, 257.58
1650876445, 2, 80, 174, 87, 0, 0.41%, 1, 0, 12, 231.71
1650878383, 2, 86, 174, 86, 0, 0.41%, 1, 0, 12, 275.55
1650878388, 2, 98, 174, 86, 0, 0.41%, 1, 0, 12, 250.76
1650878393, 2, 102, 174, 86, 0, 0.41%, 1, 0, 12, 206.60
1650880259, 2, 107, 174, 85, 0, 0.41%, 1, 0, 12, 271.88
1650882203, 2, 122, 174, 84, 0, 0.41%, 1, 0, 12, 295.52
1650882208, 2, 123, 174, 84, 0, 0.41%, 1, 0, 12, 227.35
1650882243, 2, 123, 175, 85, 0, 0.41%, 1, 0, 12, 202.55
1650884695, 2, 123, 176, 86, 0, 0.41%, 1, 0, 12, 223.18
1650884715, 2, 143, 176, 85, 1, 0.41%, 1, 0, 12, 263.06
1650886241, 2, 143, 177, 86, 1, 0.41%, 1, 0, 12, 230.40
1650886272, 2, 174, 177, 85, 1, 0.41%, 1, 0, 12, 239.14
1650888778, 2, 174, 178, 86, 1, 0.41%, 1, 0, 12, 265.58
1650888783, 2, 174, 179, 87, 1, 0.41%, 1, 0, 12, 268.63
1650888854, 2, 174, 180, 88, 1, 0.41%, 1, 0, 12, 296.67
1650888859, 2, 176, 180, 87, 0, 0.41%, 1, 0, 12, 243.16
1650891481, 2, 176, 181, 88, 0, 0.41%, 1, 0, 12, 277.30
1650891507, 2, 180, 181, 87, 0, 0.41%, 1, 0, 12, 260.89
