# unix_time, cycles_done, cur_path, paths_total, pending_total, pending_favs, map_size, unique_crashes, unique_hangs, max_depth, execs_per_sec
1629262903, 0, 0, 1, 1, 1, 0.01%, 0, 0, 1, 0.17
1629262908, 0, 0, 5, 5, 1, 0.02%, 0, 0, 2, 86.90
1629262913, 0, 0, 11, 11, 1, 0.02%, 0, 0, 2, 45.13
1629262918, 0, 0, 14, 14, 1, 0.02%, 0, 0, 2, 31.36
1629262939, 0, 0, 15, 15, 1, 0.02%, 0, 0, 2, 23.38
1629262944, 0, 0, 17, 17, 1, 0.03%, 0, 0, 2, 19.87
1629262954, 0, 0, 21, 21, 1, 0.03%, 0, 0, 2, 18.34
1629262964, 0, 0, 28, 28, 1, 0.03%, 0, 0, 2, 118.91
1629262974, 0, 0, 29, 29, 1, 0.03%, 0, 0, 2, 29.83
1629263005, 0, 0, 30, 30, 1, 0.03%, 0, 0, 2, 18.74
1629263015, 0, 0, 32, 32, 1, 0.03%, 0, 0, 2, 39.39
1629263020, 0, 0, 35, 35, 1, 0.03%, 0, 0, 2, 28.40
1629263066, 0, 0, 36, 36, 1, 0.03%, 0, 0, 2, 25.16
1629263082, 0, 0, 40, 40, 1, 0.03%, 0, 0, 2, 37.82
1629263092, 0, 0, 41, 41, 1, 0.03%, 0, 0, 2, 43.25
1629263102, 0, 0, 43, 43, 1, 0.03%, 0, 0, 2, 24.46
1629263117, 0, 0, 45, 45, 1, 0.03%, 0, 0, 2, 28.01
1629263169, 0, 0, 46, 46, 1, 0.03%, 0, 0, 2, 24.74
1629263231, 0, 0, 47, 47, 1, 0.03%, 0, 0, 2, 21.05
1629263241, 0, 0, 48, 48, 1, 0.03%, 0, 0, 2, 18.46
1629263277, 0, 0, 49, 49, 1, 0.03%, 0, 0, 2, 22.14
1629263282, 0, 0, 50, 50, 1, 0.03%, 0, 0, 2, 35.80
1629263307, 0, 0, 52, 52, 1, 0.03%, 0, 0, 2, 41.76
1629263312, 0, 0, 53, 53, 1, 0.03%, 0, 0, 2, 28.44
1629263328, 0, 0, 54, 54, 1, 0.03%, 0, 0, 2, 124.27
1629263333, 0, 0, 55, 55, 1, 0.03%, 0, 0, 2, 64.86
1629263343, 0, 0, 56, 56, 1, 0.03%, 0, 0, 2, 36.29
1629263420, 0, 0, 59, 59, 1, 0.03%, 0, 0, 2, 96.66
1629263568, 0, 0, 61, 61, 1, 0.03%, 0, 0, 2, 95.30
1629263573, 0, 0, 67, 67, 1, 0.03%, 0, 0, 2, 59.50
1629263578, 0, 0, 72, 72, 1, 0.03%, 0, 0, 2, 52.43
1629263584, 0, 0, 74, 74, 1, 0.03%, 0, 0, 2, 50.84
1629263594, 0, 0, 75, 75, 1, 0.03%, 0, 0, 2, 50.27
1629263634, 0, 0, 76, 76, 1, 0.03%, 0, 0, 2, 23.68
1629263640, 0, 0, 77, 77, 1, 0.03%, 0, 0, 2, 24.67
1629263645, 0, 0, 78, 78, 1, 0.03%, 0, 0, 2, 29.01
1629263727, 0, 0, 79, 79, 1, 0.03%, 0, 0, 2, 22.49
1629263737, 0, 0, 80, 80, 1, 0.03%, 0, 0, 2, 22.02
1629264003, 0, 0, 81, 81, 1, 0.03%, 0, 0, 2, 30.27
1629264008, 0, 0, 83, 83, 1, 0.03%, 0, 0, 2, 26.47
1629264295, 0, 0, 84, 84, 1, 0.03%, 0, 0, 2, 18.97
1629264336, 0, 0, 85, 85, 1, 0.03%, 0, 0, 2, 30.64
1629264397, 0, 0, 86, 86, 1, 0.03%, 0, 0, 2, 247.05
1629264422, 0, 0, 88, 88, 1, 0.03%, 0, 0, 2, 49.64
1629264427, 0, 0, 89, 89, 1, 0.03%, 0, 0, 2, 39.42
1629264432, 0, 0, 91, 91, 1, 0.03%, 1, 0, 2, 37.33
1629264437, 0, 0, 93, 93, 1, 0.03%, 1, 0, 2, 37.04
1629264443, 0, 0, 99, 99, 1, 0.03%, 1, 0, 2, 39.83
1629264448, 0, 0, 101, 101, 1, 0.03%, 1, 0, 2, 43.30
1629264453, 0, 0, 104, 104, 1, 0.03%, 1, 0, 2, 37.82
1629264458, 0, 0, 105, 105, 1, 0.03%, 1, 0, 2, 36.60
1629264468, 0, 0, 108, 108, 1, 0.03%, 1, 0, 2, 40.87
1629264473, 0, 0, 109, 109, 1, 0.03%, 1, 0, 2, 47.11
1629264677, 0, 0, 110, 110, 1, 0.03%, 1, 0, 2, 20.72
1629264693, 0, 0, 112, 112, 1, 0.03%, 1, 0, 2, 20.83
1629264708, 0, 0, 113, 113, 1, 0.03%, 1, 0, 2, 21.21
1629265328, 0, 0, 114, 114, 1, 0.03%, 1, 0, 2, 20.87
1629267688, 0, 0, 115, 115, 1, 0.03%, 1, 0, 2, 17.62
1629267693, 0, 0, 116, 116, 1, 0.03%, 1, 0, 2, 17.68
1629268452, 0, 0, 117, 117, 1, 0.03%, 1, 0, 2, 17.72
1629268493, 0, 0, 118, 118, 1, 0.03%, 1, 0, 2, 17.65
1629269404, 0, 0, 120, 120, 1, 0.03%, 1, 0, 2, 41.79
1629269410, 0, 0, 123, 123, 1, 0.03%, 1, 0, 2, 45.98
1629269415, 0, 0, 125, 125, 1, 0.03%, 1, 0, 2, 49.44
1629269420, 0, 0, 126, 126, 1, 0.03%, 1, 0, 2, 57.00
1629269425, 0, 0, 127, 127, 1, 0.03%, 1, 0, 2, 52.75
1629269430, 0, 0, 128, 128, 1, 0.03%, 1, 0, 2, 55.27
1629269476, 0, 0, 129, 129, 1, 0.03%, 1, 0, 2, 53.03
1629269527, 0, 0, 130, 130, 1, 0.03%, 1, 0, 2, 49.50
1629269532, 0, 0, 131, 131, 1, 0.03%, 1, 0, 2, 55.72
1629269548, 0, 0, 132, 132, 1, 0.03%, 1, 0, 2, 55.54
1629269563, 0, 0, 133, 133, 1, 0.03%, 1, 0, 2, 49.67
1629269573, 0, 0, 134, 134, 1, 0.03%, 1, 0, 2, 53.47
1629269578, 0, 0, 135, 135, 1, 0.03%, 1, 0, 2, 52.08
1629269594, 0, 0, 136, 136, 1, 0.03%, 1, 0, 2, 52.74
1629269609, 0, 0, 137, 137, 1, 0.03%, 1, 0, 2, 48.84
1629269650, 0, 0, 138, 138, 1, 0.03%, 1, 0, 2, 54.99
1629269655, 0, 0, 139, 139, 1, 0.03%, 1, 0, 2, 49.09
1629269665, 0, 0, 140, 140, 1, 0.03%, 1, 0, 2, 50.99
1629269680, 0, 0, 141, 141, 1, 0.03%, 1, 0, 2, 52.48
1629269706, 0, 3, 142, 141, 49, 0.03%, 1, 0, 2, 52.53
1629270761, 0, 3, 142, 141, 49, 0.03%, 2, 0, 2, 38.00
1629270771, 0, 3, 143, 142, 49, 0.03%, 2, 0, 3, 44.85
1629273727, 0, 7, 143, 141, 49, 0.03%, 2, 0, 3, 60.87
1629274063, 0, 8, 143, 140, 48, 0.03%, 2, 0, 3, 89.44
1629274176, 0, 8, 143, 140, 48, 0.03%, 3, 0, 3, 50.75
1629274476, 0, 9, 143, 139, 47, 0.03%, 3, 0, 3, 87.75
1629274812, 0, 12, 143, 138, 46, 0.03%, 3, 0, 3, 84.60
1629274934, 0, 12, 144, 139, 46, 0.04%, 3, 0, 3, 55.69
1629275226, 0, 12, 145, 140, 46, 0.04%, 3, 0, 3, 51.97
1629275556, 0, 20, 145, 139, 46, 0.04%, 3, 0, 3, 92.78
1629277820, 0, 20, 146, 140, 46, 0.04%, 3, 0, 3, 40.01
1629278081, 0, 20, 147, 141, 46, 0.04%, 3, 0, 3, 17.78
1629283619, 0, 23, 147, 140, 48, 0.04%, 3, 0, 3, 52.99
1629284019, 0, 23, 148, 141, 48, 0.04%, 3, 0, 3, 165.84
1629287357, 0, 24, 148, 140, 48, 0.04%, 3, 0, 3, 57.31
1629287459, 0, 24, 149, 141, 48, 0.04%, 3, 0, 3, 41.12
1629287673, 0, 24, 151, 143, 48, 0.04%, 3, 0, 3, 91.65
1629287785, 0, 24, 152, 144, 48, 0.04%, 3, 0, 3, 55.72
1629288331, 0, 24, 152, 144, 48, 0.04%, 4, 0, 3, 39.12
1629288347, 0, 24, 153, 145, 48, 0.04%, 4, 0, 3, 41.38
1629291291, 0, 26, 153, 144, 49, 0.04%, 4, 0, 3, 66.89
1629291301, 0, 26, 154, 145, 49, 0.04%, 4, 0, 3, 68.55
1629291398, 0, 26, 155, 146, 49, 0.04%, 4, 0, 3, 48.14
1629291403, 0, 26, 156, 147, 49, 0.04%, 4, 0, 3, 50.30
1629291414, 0, 26, 157, 148, 49, 0.04%, 4, 0, 3, 50.35
1629291626, 0, 29, 157, 147, 49, 0.04%, 4, 0, 3, 138.08
1629293088, 0, 29, 157, 147, 49, 0.04%, 5, 0, 3, 38.75
1629297930, 0, 31, 157, 146, 48, 0.04%, 5, 0, 3, 57.96
1629297981, 0, 31, 158, 147, 48, 0.04%, 5, 0, 3, 115.79
1629298032, 0, 31, 159, 148, 48, 0.04%, 5, 0, 3, 50.75
1629298125, 0, 31, 160, 149, 48, 0.04%, 5, 0, 3, 50.95
1629298259, 0, 33, 160, 148, 49, 0.04%, 5, 0, 3, 106.09
1629298596, 0, 35, 160, 147, 48, 0.04%, 5, 0, 3, 60.22
1629300049, 0, 35, 160, 147, 48, 0.04%, 6, 0, 3, 39.02
1629304840, 0, 35, 161, 148, 48, 0.04%, 6, 0, 3, 40.92
1629304860, 0, 36, 161, 147, 47, 0.04%, 6, 0, 3, 102.97
1629304947, 0, 37, 161, 146, 46, 0.04%, 6, 0, 3, 74.73
1629304953, 0, 37, 162, 147, 46, 0.04%, 6, 0, 3, 45.00
1629305922, 0, 37, 163, 148, 46, 0.04%, 6, 0, 3, 37.97
1629305942, 0, 37, 164, 149, 46, 0.04%, 6, 0, 3, 37.86
1629308882, 0, 38, 164, 148, 46, 0.04%, 6, 0, 3, 63.85
1629308990, 0, 38, 165, 149, 46, 0.04%, 6, 0, 3, 50.72
1629309212, 0, 39, 165, 148, 45, 0.04%, 6, 0, 3, 109.35
1629309222, 0, 39, 166, 149, 45, 0.04%, 6, 0, 3, 89.15
1629309227, 0, 39, 167, 150, 45, 0.04%, 6, 0, 3, 58.80
1629309547, 0, 40, 167, 149, 46, 0.04%, 6, 0, 3, 21.60
1629311822, 0, 40, 167, 149, 46, 0.04%, 7, 0, 3, 51.00
1629316983, 0, 41, 167, 148, 45, 0.04%, 7, 0, 3, 45.31
1629317197, 0, 41, 168, 149, 45, 0.04%, 7, 0, 3, 23.14
1629318323, 0, 41, 168, 149, 45, 0.04%, 8, 0, 3, 38.93
1629318559, 0, 41, 169, 150, 45, 0.04%, 8, 0, 3, 22.44
1629318564, 0, 41, 170, 151, 45, 0.04%, 8, 0, 3, 22.53
1629318574, 0, 41, 171, 152, 45, 0.04%, 8, 0, 3, 21.29
1629323103, 0, 41, 172, 153, 45, 0.04%, 8, 0, 3, 44.35
1629323113, 0, 44, 172, 152, 48, 0.04%, 8, 0, 3, 38.82
1629323359, 0, 44, 173, 153, 48, 0.04%, 8, 0, 3, 25.61
1629323497, 0, 44, 174, 154, 48, 0.04%, 8, 0, 3, 33.06
1629324566, 0, 44, 174, 154, 48, 0.04%, 9, 0, 3, 39.57
1629329374, 0, 45, 174, 153, 48, 0.04%, 9, 0, 3, 40.90
1629329997, 0, 45, 175, 154, 48, 0.04%, 9, 0, 3, 194.54
1629330821, 0, 45, 175, 154, 48, 0.04%, 10, 0, 3, 39.51
1629331671, 0, 45, 176, 155, 48, 0.04%, 10, 0, 3, 22.00
1629335649, 0, 46, 176, 154, 48, 0.04%, 10, 0, 3, 47.43
1629342865, 0, 47, 176, 153, 47, 0.04%, 10, 0, 3, 42.58
1629347269, 0, 49, 176, 152, 46, 0.04%, 10, 0, 3, 55.42
