# unix_time, cycles_done, cur_path, paths_total, pending_total, pending_favs, map_size, unique_crashes, unique_hangs, max_depth, execs_per_sec
1619834434, 0, 0, 1, 1, 1, 0.75%, 0, 0, 1, 4.08
1619834439, 0, 0, 13, 13, 1, 1.44%, 1, 0, 2, 188.74
1619834444, 0, 0, 15, 15, 1, 1.44%, 1, 0, 2, 182.85
1619834449, 0, 0, 19, 19, 1, 1.49%, 1, 0, 2, 187.29
1619834454, 0, 0, 20, 20, 1, 1.49%, 1, 0, 2, 188.19
1619834459, 0, 0, 24, 24, 1, 1.50%, 1, 0, 2, 189.74
1619834470, 0, 0, 25, 25, 1, 1.50%, 1, 0, 2, 181.94
1619834475, 0, 0, 28, 28, 1, 1.50%, 1, 0, 2, 174.67
1619834480, 0, 0, 30, 30, 1, 1.51%, 1, 0, 2, 160.20
1619834485, 0, 0, 32, 32, 1, 1.51%, 1, 0, 2, 138.17
1619834490, 0, 0, 34, 34, 1, 1.51%, 1, 0, 2, 143.23
1619834500, 0, 0, 35, 35, 1, 1.51%, 1, 0, 2, 136.34
1619834505, 0, 0, 36, 36, 1, 1.51%, 1, 0, 2, 130.67
1619834510, 0, 0, 37, 37, 1, 1.51%, 1, 0, 2, 135.24
1619834516, 0, 0, 38, 38, 1, 1.51%, 1, 0, 2, 140.22
1619834521, 0, 0, 46, 46, 1, 1.51%, 1, 0, 2, 147.26
1619834546, 0, 0, 48, 48, 1, 1.51%, 1, 0, 2, 159.93
1619834582, 0, 0, 49, 49, 1, 1.53%, 1, 0, 2, 213.71
1619834587, 0, 0, 65, 65, 1, 1.53%, 1, 0, 2, 180.75
1619834592, 0, 0, 66, 66, 1, 1.53%, 1, 0, 2, 178.91
1619834607, 0, 0, 69, 69, 1, 1.53%, 1, 0, 2, 155.16
1619834653, 0, 0, 70, 70, 1, 1.53%, 1, 0, 2, 153.45
1619834837, 0, 0, 73, 73, 1, 1.53%, 1, 0, 2, 318.59
1619834847, 0, 0, 74, 74, 1, 1.53%, 1, 0, 2, 212.72
1619834852, 0, 0, 75, 75, 1, 1.53%, 1, 0, 2, 152.55
1619834867, 0, 0, 77, 77, 1, 1.53%, 1, 0, 2, 179.86
1619834872, 0, 0, 78, 78, 1, 1.54%, 1, 0, 2, 186.21
1619834888, 0, 0, 79, 79, 1, 1.54%, 1, 0, 2, 178.05
1619834893, 0, 0, 81, 81, 1, 1.59%, 1, 0, 2, 176.63
1619834903, 0, 0, 82, 82, 1, 1.59%, 1, 0, 2, 173.87
1619834908, 0, 0, 83, 83, 1, 1.59%, 1, 0, 2, 177.16
1619834929, 0, 0, 84, 84, 1, 1.59%, 1, 0, 2, 182.03
1619835184, 0, 0, 85, 85, 1, 1.59%, 1, 0, 2, 143.54
1619835189, 0, 0, 86, 86, 1, 1.65%, 1, 0, 2, 147.01
1619835194, 0, 0, 89, 89, 1, 1.70%, 1, 0, 2, 145.56
1619835199, 0, 0, 90, 90, 1, 1.70%, 1, 0, 2, 158.12
1619835326, 0, 0, 91, 91, 1, 1.70%, 1, 0, 2, 115.90
1619835729, 0, 0, 92, 92, 1, 1.70%, 1, 0, 2, 112.51
1619835734, 0, 0, 93, 93, 1, 1.70%, 1, 0, 2, 117.49
1619835739, 0, 0, 94, 94, 1, 1.71%, 1, 0, 2, 115.60
1619835744, 0, 0, 96, 96, 1, 1.71%, 1, 0, 2, 114.21
1619842546, 0, 0, 97, 97, 1, 1.71%, 1, 0, 2, 116.57
1619842551, 0, 0, 98, 98, 1, 1.72%, 1, 0, 2, 120.43
1619842637, 0, 0, 104, 104, 1, 1.72%, 1, 0, 2, 146.03
1619842642, 0, 0, 108, 108, 1, 1.72%, 1, 0, 2, 142.91
1619842647, 0, 0, 109, 109, 1, 1.72%, 1, 0, 2, 148.38
1619842653, 0, 0, 109, 109, 1, 1.72%, 2, 0, 2, 147.57
1619842663, 0, 0, 110, 110, 1, 1.72%, 2, 0, 2, 149.36
1619842673, 0, 0, 111, 111, 1, 1.72%, 2, 0, 2, 145.62
1619842678, 0, 0, 112, 112, 1, 1.72%, 2, 0, 2, 145.65
1619842688, 0, 0, 113, 113, 1, 1.72%, 2, 0, 2, 149.58
1619842693, 0, 0, 115, 115, 1, 1.72%, 2, 0, 2, 154.75
1619842708, 0, 0, 116, 116, 1, 1.72%, 2, 0, 2, 142.77
1619842734, 0, 0, 117, 117, 1, 1.72%, 2, 0, 2, 145.40
1619842754, 0, 0, 117, 117, 1, 1.72%, 3, 0, 2, 154.44
1619842774, 0, 0, 119, 119, 1, 1.72%, 3, 0, 2, 152.78
1619842784, 0, 0, 120, 120, 1, 1.72%, 3, 0, 2, 152.57
1619842800, 0, 0, 121, 121, 1, 1.72%, 3, 0, 2, 148.89
1619842815, 0, 0, 122, 122, 1, 1.72%, 3, 0, 2, 147.76
1619842820, 0, 0, 123, 123, 1, 1.72%, 3, 0, 2, 150.15
1619842830, 0, 0, 123, 123, 1, 1.72%, 4, 0, 2, 150.93
1619842856, 0, 6, 123, 122, 21, 1.72%, 4, 0, 2, 132.43
1619851218, 0, 6, 124, 123, 21, 1.72%, 4, 0, 3, 132.03
1619851233, 0, 11, 124, 122, 20, 1.72%, 4, 0, 3, 130.29
1619851254, 0, 11, 125, 123, 20, 1.72%, 4, 0, 3, 117.01
1619851462, 0, 11, 126, 124, 20, 1.72%, 4, 0, 3, 123.37
1619851756, 0, 11, 127, 125, 20, 1.79%, 4, 0, 3, 122.03
1619852639, 0, 11, 128, 126, 20, 1.79%, 4, 0, 3, 116.28
1619859656, 0, 20, 128, 125, 21, 1.79%, 4, 0, 3, 170.15
1619859748, 0, 20, 129, 126, 21, 1.80%, 4, 0, 3, 121.08
1619859814, 0, 20, 130, 127, 21, 1.80%, 4, 0, 3, 140.07
1619859829, 0, 20, 131, 128, 21, 1.80%, 4, 0, 3, 140.47
1619859963, 0, 20, 132, 129, 21, 1.80%, 4, 0, 3, 141.12
1619859988, 0, 20, 133, 130, 21, 1.80%, 4, 0, 3, 144.96
1619860014, 0, 20, 134, 131, 21, 1.80%, 4, 0, 3, 146.62
1619860183, 0, 22, 134, 130, 21, 1.80%, 4, 0, 3, 152.04
1619868449, 0, 22, 135, 131, 21, 1.80%, 4, 0, 3, 114.36
1619868551, 0, 29, 135, 130, 20, 1.80%, 4, 0, 3, 156.36
1619868638, 0, 29, 136, 131, 20, 1.80%, 4, 0, 3, 126.63
1619868643, 0, 29, 137, 132, 20, 1.80%, 4, 0, 3, 123.71
1619868892, 0, 29, 139, 134, 20, 1.80%, 4, 0, 3, 159.72
1619868933, 0, 38, 139, 133, 19, 1.80%, 4, 0, 3, 187.78
1619869337, 0, 65, 139, 132, 18, 1.80%, 4, 0, 3, 183.44
1619875569, 0, 70, 139, 131, 17, 1.80%, 4, 0, 3, 137.61
1619883663, 0, 80, 139, 130, 16, 1.80%, 4, 0, 3, 156.60
1619883765, 0, 80, 140, 131, 16, 1.80%, 4, 0, 3, 154.45
1619884101, 0, 80, 141, 132, 16, 1.80%, 4, 0, 3, 152.93
1619884111, 0, 80, 142, 133, 16, 1.80%, 4, 0, 3, 156.67
1619884243, 0, 85, 142, 132, 15, 1.80%, 4, 0, 3, 181.47
1619884290, 0, 85, 143, 133, 15, 1.80%, 4, 0, 3, 150.78
1619884341, 0, 85, 144, 134, 15, 1.80%, 4, 0, 3, 151.15
1619884437, 0, 85, 147, 137, 15, 1.83%, 4, 0, 3, 142.19
1619884442, 0, 85, 148, 138, 15, 1.83%, 4, 0, 3, 136.21
1619884447, 0, 85, 149, 139, 15, 1.83%, 4, 0, 3, 137.52
1619884453, 0, 85, 150, 140, 15, 1.83%, 4, 0, 3, 143.42
1619884458, 0, 85, 151, 141, 15, 1.83%, 4, 0, 3, 143.40
1619884627, 0, 85, 152, 142, 15, 1.83%, 4, 0, 3, 146.80
1619885285, 0, 85, 153, 143, 15, 1.83%, 4, 0, 3, 140.17
1619885311, 0, 85, 154, 144, 15, 1.83%, 4, 0, 3, 145.18
1619885336, 0, 85, 155, 145, 15, 1.83%, 4, 0, 3, 143.90
1619885387, 0, 85, 156, 146, 15, 1.84%, 4, 0, 3, 134.43
1619885634, 0, 85, 157, 147, 15, 1.84%, 4, 0, 3, 140.76
1619885639, 0, 85, 158, 148, 15, 1.84%, 4, 0, 3, 144.53
1619885736, 0, 85, 159, 149, 15, 1.84%, 4, 0, 3, 141.15
1619891523, 0, 88, 159, 148, 17, 1.84%, 4, 0, 3, 140.34
1619893042, 0, 88, 160, 149, 17, 1.84%, 4, 0, 3, 157.81
1619898214, 0, 93, 160, 148, 16, 1.84%, 4, 0, 3, 154.01
1619899156, 0, 93, 161, 149, 16, 1.84%, 4, 0, 3, 158.10
1619902706, 0, 93, 162, 150, 16, 1.84%, 4, 0, 3, 120.15
1619907099, 0, 94, 162, 149, 16, 1.84%, 4, 0, 3, 136.97
1619907140, 0, 94, 163, 150, 16, 1.84%, 4, 0, 3, 117.76
1619907181, 0, 94, 166, 153, 16, 1.85%, 4, 0, 3, 117.99
1619907186, 0, 94, 167, 154, 16, 1.85%, 4, 0, 3, 113.11
1619907323, 0, 94, 168, 155, 16, 1.86%, 4, 0, 3, 159.64
1619907378, 0, 94, 171, 158, 16, 1.86%, 4, 0, 3, 114.87
1619907434, 0, 94, 172, 159, 16, 1.86%, 4, 0, 3, 115.34
1619908049, 0, 94, 173, 160, 16, 1.86%, 4, 0, 3, 156.84
1619909060, 0, 94, 174, 161, 16, 1.86%, 4, 0, 3, 110.46
1619916082, 0, 96, 174, 160, 20, 1.86%, 4, 0, 3, 141.49
1619916297, 0, 96, 175, 161, 20, 1.86%, 4, 0, 3, 129.28
1619923849, 0, 97, 175, 160, 19, 1.86%, 4, 0, 3, 122.32
1619924255, 0, 97, 176, 161, 19, 1.86%, 4, 0, 3, 114.68
1619932783, 0, 97, 177, 162, 19, 1.86%, 4, 0, 3, 117.15
1619932803, 0, 97, 179, 164, 19, 1.86%, 4, 0, 3, 114.13
1619932808, 0, 97, 180, 165, 19, 1.86%, 4, 0, 3, 112.86
1619932854, 0, 97, 182, 167, 19, 1.86%, 4, 0, 3, 146.78
1619932869, 0, 113, 182, 166, 19, 1.86%, 4, 0, 3, 149.38
