# unix_time, cycles_done, cur_path, paths_total, pending_total, pending_favs, map_size, unique_crashes, unique_hangs, max_depth, execs_per_sec
1629106967, 0, 0, 1, 1, 1, 2.26%, 0, 0, 1, 8.90
1629106972, 0, 0, 25, 25, 1, 2.45%, 10, 0, 2, 98.14
1629106977, 0, 0, 51, 51, 1, 2.50%, 10, 0, 2, 85.72
1629106982, 0, 0, 53, 53, 1, 2.50%, 10, 0, 2, 66.05
1629106988, 0, 0, 60, 60, 1, 2.50%, 10, 0, 2, 58.90
1629106993, 0, 0, 65, 65, 1, 2.50%, 10, 0, 2, 60.93
1629106998, 0, 0, 69, 69, 1, 2.50%, 10, 0, 2, 55.05
1629107003, 0, 0, 75, 75, 1, 2.53%, 10, 0, 2, 50.83
1629107008, 0, 0, 78, 78, 1, 2.53%, 10, 0, 2, 48.44
1629107013, 0, 0, 82, 82, 1, 2.53%, 10, 0, 2, 51.82
1629107018, 0, 0, 89, 89, 1, 2.56%, 10, 0, 2, 65.85
1629107023, 0, 0, 93, 93, 1, 2.57%, 10, 0, 2, 55.07
1629107033, 0, 0, 95, 95, 1, 2.57%, 10, 0, 2, 51.56
1629107038, 0, 0, 96, 96, 1, 2.57%, 10, 0, 2, 53.24
1629107049, 0, 0, 97, 97, 1, 2.58%, 10, 0, 2, 52.89
1629107059, 0, 0, 100, 100, 1, 2.58%, 10, 0, 2, 70.61
1629107064, 0, 0, 103, 103, 1, 2.59%, 10, 0, 2, 57.86
1629107105, 0, 0, 104, 104, 1, 2.59%, 10, 0, 2, 55.55
1629107110, 0, 0, 106, 106, 1, 2.59%, 11, 0, 2, 54.66
1629107115, 0, 0, 107, 107, 1, 2.61%, 11, 0, 2, 54.95
1629107120, 0, 0, 108, 108, 1, 2.62%, 12, 0, 2, 124.12
1629107125, 0, 0, 109, 109, 1, 2.62%, 12, 0, 2, 83.97
1629107130, 0, 0, 112, 112, 1, 2.62%, 12, 0, 2, 65.55
1629107140, 0, 0, 116, 116, 1, 2.65%, 12, 0, 2, 60.77
1629107146, 0, 0, 117, 117, 1, 2.67%, 12, 0, 2, 52.70
1629107232, 0, 0, 118, 118, 1, 2.67%, 12, 0, 2, 55.92
1629107237, 0, 0, 119, 119, 1, 2.70%, 12, 0, 2, 53.15
1629107324, 0, 0, 120, 120, 1, 2.70%, 12, 0, 2, 55.52
1629107329, 0, 0, 122, 122, 1, 2.70%, 12, 0, 2, 52.23
1629107355, 0, 0, 123, 123, 1, 2.70%, 12, 0, 2, 52.51
1629107360, 0, 0, 124, 124, 1, 2.70%, 12, 0, 2, 50.46
1629107390, 0, 0, 125, 125, 1, 2.70%, 12, 0, 2, 54.35
1629107400, 0, 0, 126, 126, 1, 2.71%, 12, 0, 2, 68.84
1629107421, 0, 0, 128, 128, 1, 2.71%, 14, 0, 2, 63.59
1629107446, 0, 0, 129, 129, 1, 2.72%, 14, 0, 2, 101.61
1629107568, 0, 0, 130, 130, 1, 2.72%, 14, 0, 2, 113.17
1629107759, 0, 0, 130, 130, 1, 2.72%, 15, 0, 2, 151.90
1629107764, 0, 0, 130, 130, 1, 2.72%, 16, 0, 2, 155.68
1629107775, 0, 0, 132, 132, 1, 2.72%, 16, 0, 2, 98.28
1629107780, 0, 0, 136, 136, 1, 2.72%, 16, 0, 2, 72.87
1629107785, 0, 0, 137, 137, 1, 2.72%, 16, 0, 2, 5.66
1629107790, 0, 0, 138, 138, 1, 2.72%, 16, 0, 2, 63.30
1629107795, 0, 0, 146, 146, 1, 2.74%, 16, 0, 2, 58.51
1629107801, 0, 0, 149, 149, 1, 2.74%, 16, 0, 2, 58.96
1629107806, 0, 0, 152, 152, 1, 2.74%, 16, 0, 2, 57.64
1629107811, 0, 0, 154, 154, 1, 2.74%, 16, 0, 2, 58.14
1629107816, 0, 0, 155, 155, 1, 2.74%, 16, 0, 2, 59.86
1629107821, 0, 0, 158, 158, 1, 2.74%, 16, 0, 2, 56.85
1629107847, 0, 0, 159, 159, 1, 2.75%, 16, 0, 2, 66.35
1629107852, 0, 0, 161, 161, 1, 2.75%, 16, 0, 2, 67.45
1629107863, 0, 0, 162, 162, 1, 2.75%, 16, 0, 2, 66.92
1629107944, 0, 0, 163, 163, 1, 2.75%, 16, 0, 2, 49.96
1629108062, 0, 0, 164, 164, 1, 2.75%, 16, 0, 2, 50.55
1629108174, 0, 0, 165, 165, 1, 2.75%, 16, 0, 2, 60.21
1629108235, 0, 0, 166, 166, 1, 2.75%, 16, 0, 2, 50.00
1629108260, 0, 0, 167, 167, 1, 2.75%, 16, 0, 2, 52.62
1629108276, 0, 0, 168, 168, 1, 2.78%, 16, 0, 2, 52.74
1629108286, 0, 0, 169, 169, 1, 2.78%, 16, 0, 2, 58.81
1629108408, 0, 0, 170, 170, 1, 2.81%, 16, 0, 2, 62.63
1629108444, 0, 0, 172, 172, 1, 2.81%, 16, 0, 2, 52.27
1629108449, 0, 0, 174, 174, 1, 2.81%, 16, 0, 2, 50.10
1629108454, 0, 0, 175, 175, 1, 2.81%, 16, 0, 2, 52.10
1629108459, 0, 0, 176, 176, 1, 2.81%, 16, 0, 2, 52.32
1629108490, 0, 0, 178, 178, 1, 2.81%, 16, 0, 2, 54.91
1629108495, 0, 0, 179, 179, 1, 2.82%, 16, 0, 2, 56.31
1629108658, 0, 0, 180, 180, 1, 2.82%, 16, 0, 2, 70.61
1629108663, 0, 0, 182, 182, 1, 2.83%, 16, 0, 2, 57.14
1629108668, 0, 0, 183, 183, 1, 2.83%, 16, 0, 2, 51.84
1629108688, 0, 0, 183, 183, 1, 2.83%, 17, 0, 2, 159.54
1629108693, 0, 0, 194, 194, 1, 2.97%, 17, 0, 2, 85.91
1629108698, 0, 0, 202, 202, 1, 3.20%, 17, 0, 2, 66.48
1629108703, 0, 0, 208, 208, 1, 3.23%, 17, 0, 2, 68.79
1629108709, 0, 0, 216, 216, 1, 3.24%, 17, 0, 2, 69.42
1629108714, 0, 0, 217, 217, 1, 3.24%, 17, 0, 2, 66.95
1629108785, 0, 0, 221, 221, 1, 3.24%, 17, 0, 2, 76.66
1629108790, 0, 0, 223, 223, 1, 3.25%, 17, 0, 2, 63.97
1629108882, 0, 0, 224, 224, 1, 3.25%, 17, 0, 2, 61.65
1629109019, 0, 0, 227, 227, 1, 3.25%, 17, 0, 2, 55.89
1629109024, 0, 0, 233, 233, 1, 3.25%, 17, 0, 2, 54.78
1629109029, 0, 0, 241, 241, 1, 3.25%, 17, 0, 2, 55.01
1629109034, 0, 0, 245, 245, 1, 3.25%, 17, 0, 2, 56.88
1629109039, 0, 0, 247, 247, 1, 3.25%, 17, 0, 2, 54.11
1629111120, 0, 0, 248, 248, 1, 3.25%, 17, 0, 2, 56.51
1629111588, 0, 0, 249, 249, 1, 3.29%, 17, 0, 2, 66.45
1629111842, 0, 0, 250, 250, 1, 3.29%, 17, 0, 2, 53.81
1629111857, 0, 0, 251, 251, 1, 3.29%, 17, 0, 2, 48.18
1629111862, 0, 0, 253, 253, 1, 3.29%, 17, 0, 2, 49.92
1629112077, 0, 0, 254, 254, 1, 3.29%, 17, 0, 2, 57.99
1629112993, 0, 0, 255, 255, 1, 3.29%, 17, 0, 2, 66.35
1629113344, 0, 0, 264, 264, 1, 3.30%, 21, 0, 2, 80.37
1629113350, 0, 0, 268, 268, 1, 3.30%, 21, 0, 2, 91.28
1629113355, 0, 0, 271, 271, 1, 3.30%, 21, 0, 2, 90.65
1629113360, 0, 0, 272, 272, 1, 3.30%, 21, 0, 2, 98.18
1629113370, 0, 0, 276, 276, 1, 3.30%, 21, 0, 2, 91.55
1629113375, 0, 0, 277, 277, 1, 3.30%, 21, 0, 2, 89.94
1629113385, 0, 0, 278, 278, 1, 3.30%, 21, 0, 2, 96.54
1629113390, 0, 0, 280, 280, 1, 3.30%, 21, 0, 2, 98.93
1629113400, 0, 0, 283, 283, 1, 3.30%, 21, 0, 2, 92.66
1629113405, 0, 0, 284, 284, 1, 3.30%, 21, 0, 2, 92.14
1629113410, 0, 0, 286, 286, 1, 3.30%, 21, 0, 2, 97.78
1629113415, 0, 1, 286, 285, 69, 3.30%, 21, 0, 2, 85.70
1629113421, 0, 1, 287, 286, 69, 3.30%, 21, 0, 3, 59.09
1629113548, 0, 1, 288, 287, 69, 3.30%, 21, 0, 3, 96.70
1629114698, 0, 1, 290, 289, 69, 3.30%, 21, 0, 3, 75.21
1629114714, 0, 1, 291, 290, 69, 3.30%, 21, 0, 3, 74.42
1629114719, 0, 1, 292, 291, 69, 3.31%, 21, 0, 3, 125.60
1629115803, 0, 1, 293, 292, 69, 3.31%, 21, 0, 3, 58.99
1629119219, 0, 2, 293, 291, 71, 3.31%, 21, 0, 3, 79.56
1629119234, 0, 2, 294, 292, 71, 3.31%, 21, 0, 3, 53.83
1629119244, 0, 2, 295, 293, 71, 3.31%, 21, 0, 3, 53.79
1629119260, 0, 2, 296, 294, 71, 3.31%, 21, 0, 3, 70.13
1629119346, 0, 2, 297, 295, 71, 3.31%, 21, 0, 3, 92.49
1629119815, 0, 2, 298, 296, 71, 3.31%, 21, 0, 3, 58.58
1629119901, 0, 2, 299, 297, 71, 3.31%, 21, 0, 3, 53.12
1629120069, 0, 2, 300, 298, 71, 3.31%, 21, 0, 3, 52.55
1629120242, 0, 2, 301, 299, 71, 3.31%, 21, 0, 3, 60.31
1629120303, 0, 2, 302, 300, 71, 3.31%, 21, 0, 3, 57.84
1629124822, 0, 3, 302, 299, 71, 3.31%, 21, 0, 3, 73.50
1629125788, 0, 3, 303, 300, 71, 3.31%, 21, 0, 3, 65.55
1629130740, 0, 4, 304, 300, 70, 3.32%, 22, 0, 3, 71.55
1629130766, 0, 4, 305, 301, 70, 3.32%, 22, 0, 3, 54.96
1629131001, 0, 4, 306, 302, 70, 3.32%, 22, 0, 3, 55.34
1629131341, 0, 4, 307, 303, 70, 3.33%, 22, 0, 3, 61.81
1629131387, 0, 4, 308, 304, 70, 3.33%, 22, 0, 3, 64.08
1629132028, 0, 4, 309, 305, 70, 3.33%, 22, 0, 3, 76.83
1629136639, 0, 4, 311, 307, 70, 3.33%, 22, 0, 3, 88.62
1629136644, 0, 5, 311, 306, 70, 3.33%, 22, 0, 3, 88.39
1629136669, 0, 5, 312, 307, 70, 3.33%, 22, 0, 3, 59.72
1629137117, 0, 5, 313, 308, 70, 3.33%, 22, 0, 3, 66.95
1629137463, 0, 5, 314, 309, 70, 3.34%, 22, 0, 3, 64.29
1629137549, 0, 5, 314, 309, 70, 3.34%, 23, 0, 3, 93.82
1629138155, 0, 5, 314, 309, 70, 3.34%, 24, 0, 3, 3.76
1629138807, 0, 5, 315, 310, 70, 3.34%, 24, 0, 3, 64.69
1629140099, 0, 5, 316, 311, 70, 3.34%, 24, 0, 3, 59.97
1629140282, 0, 5, 317, 312, 70, 3.34%, 24, 0, 3, 58.11
1629140911, 0, 5, 319, 314, 70, 3.34%, 24, 0, 3, 96.21
1629140916, 0, 6, 319, 313, 69, 3.34%, 24, 0, 3, 97.64
1629141130, 0, 6, 320, 314, 69, 3.34%, 24, 0, 3, 107.77
1629141419, 0, 6, 320, 314, 69, 3.34%, 25, 0, 3, 99.26
1629143198, 0, 7, 320, 313, 68, 3.34%, 25, 0, 3, 84.18
1629143462, 0, 7, 321, 314, 68, 3.34%, 25, 0, 3, 53.47
1629143994, 0, 7, 322, 315, 68, 3.34%, 25, 0, 3, 62.83
1629147656, 0, 7, 323, 316, 68, 3.34%, 25, 0, 3, 53.48
1629147774, 0, 7, 323, 316, 68, 3.34%, 26, 0, 3, 1.89
1629147881, 0, 7, 324, 317, 68, 3.34%, 26, 0, 3, 55.88
1629149139, 0, 21, 324, 316, 67, 3.34%, 26, 0, 3, 84.78
1629149626, 0, 21, 325, 317, 67, 3.34%, 26, 0, 3, 61.30
1629150133, 0, 21, 325, 317, 67, 3.34%, 27, 0, 3, 87.89
1629150457, 0, 21, 326, 318, 67, 3.34%, 27, 0, 3, 58.86
1629150462, 0, 21, 327, 319, 67, 3.34%, 27, 0, 3, 60.37
1629153656, 0, 23, 327, 318, 66, 3.34%, 27, 0, 3, 81.10
1629153773, 0, 23, 328, 319, 66, 3.34%, 27, 0, 3, 63.80
1629154606, 0, 23, 328, 319, 66, 3.34%, 28, 0, 3, 84.26
1629154815, 0, 23, 329, 320, 66, 3.34%, 28, 0, 3, 63.72
1629154820, 0, 23, 330, 321, 66, 3.34%, 28, 0, 3, 59.25
1629158138, 0, 33, 330, 320, 66, 3.34%, 28, 0, 3, 81.67
1629159093, 0, 33, 330, 320, 66, 3.34%, 29, 0, 3, 92.33
1629159362, 0, 33, 331, 321, 66, 3.34%, 29, 0, 3, 60.31
1629162599, 0, 33, 332, 322, 66, 3.34%, 29, 0, 3, 88.70
1629162604, 0, 39, 332, 321, 65, 3.34%, 29, 0, 3, 95.07
1629162624, 0, 39, 333, 322, 65, 3.34%, 29, 0, 3, 72.45
1629162823, 0, 39, 334, 323, 65, 3.34%, 29, 0, 3, 61.05
1629163067, 0, 39, 334, 323, 65, 3.34%, 30, 0, 3, 101.47
1629164863, 0, 40, 334, 322, 64, 3.34%, 30, 0, 3, 95.93
1629165392, 0, 40, 334, 322, 64, 3.34%, 31, 0, 3, 92.92
1629167188, 0, 40, 335, 323, 64, 3.34%, 31, 0, 3, 95.37
1629167193, 0, 48, 335, 322, 63, 3.34%, 31, 0, 3, 96.96
1629167319, 0, 48, 336, 323, 63, 3.34%, 31, 0, 3, 81.19
1629167493, 0, 48, 337, 324, 63, 3.34%, 31, 0, 3, 67.98
1629167736, 0, 48, 338, 325, 63, 3.34%, 32, 0, 3, 97.03
1629169542, 0, 53, 338, 324, 63, 3.34%, 32, 0, 3, 99.39
1629171867, 0, 60, 338, 323, 63, 3.34%, 32, 0, 3, 95.78
1629172244, 0, 60, 339, 324, 63, 3.34%, 32, 0, 3, 64.88
1629172353, 0, 60, 340, 325, 63, 3.34%, 32, 0, 3, 95.83
1629172358, 0, 60, 340, 325, 63, 3.34%, 33, 0, 3, 104.78
1629174216, 0, 92, 340, 324, 62, 3.34%, 33, 0, 3, 80.56
1629174369, 0, 92, 341, 325, 62, 3.34%, 33, 0, 3, 57.19
1629175697, 0, 92, 344, 328, 62, 3.34%, 33, 0, 3, 55.44
1629175702, 0, 92, 348, 332, 62, 3.34%, 33, 0, 3, 54.70
1629180288, 0, 97, 348, 331, 62, 3.34%, 33, 0, 3, 72.44
1629186510, 0, 97, 349, 332, 62, 3.34%, 33, 0, 3, 83.28
1629186515, 0, 100, 349, 331, 62, 3.34%, 33, 0, 3, 78.79
1629186637, 0, 100, 350, 332, 62, 3.34%, 33, 0, 3, 62.00
1629187501, 0, 100, 350, 332, 62, 3.34%, 34, 0, 3, 80.85
1629191144, 0, 107, 350, 331, 62, 3.34%, 34, 0, 3, 78.97
1629192480, 0, 107, 351, 332, 62, 3.34%, 34, 0, 3, 106.96
1629192495, 0, 107, 355, 336, 62, 3.34%, 34, 0, 3, 63.23
1629192500, 0, 107, 357, 338, 62, 3.34%, 34, 0, 3, 63.74
1629197203, 0, 108, 357, 337, 62, 3.34%, 34, 0, 3, 68.47
1629197259, 0, 108, 358, 338, 62, 3.34%, 34, 0, 3, 58.85
1629197327, 0, 108, 360, 340, 62, 3.35%, 34, 0, 3, 63.11
1629198202, 0, 108, 360, 340, 62, 3.35%, 35, 0, 3, 81.29
1629198284, 0, 108, 363, 343, 62, 3.36%, 35, 0, 3, 75.53
1629198289, 0, 108, 365, 345, 62, 3.38%, 35, 0, 3, 62.78
1629201849, 0, 112, 365, 344, 69, 3.38%, 35, 0, 3, 87.86
1629202893, 0, 112, 365, 344, 69, 3.38%, 36, 0, 3, 78.32
1629206594, 0, 114, 365, 343, 68, 3.38%, 37, 0, 3, 75.41
1629207586, 0, 114, 365, 343, 68, 3.38%, 38, 0, 3, 83.14
1629211085, 0, 114, 366, 344, 68, 3.40%, 38, 0, 3, 4.68
1629211238, 0, 115, 366, 343, 67, 3.40%, 38, 0, 3, 87.25
1629212291, 0, 115, 366, 343, 67, 3.40%, 39, 0, 3, 80.66
1629215995, 0, 126, 366, 342, 66, 3.40%, 39, 0, 3, 86.14
1629216544, 0, 126, 366, 342, 66, 3.40%, 40, 0, 3, 93.15
1629218406, 0, 128, 366, 341, 65, 3.40%, 40, 0, 3, 85.46
1629218909, 0, 128, 367, 342, 65, 3.40%, 40, 0, 3, 98.92
1629218914, 0, 128, 369, 344, 65, 3.41%, 40, 0, 3, 85.05
1629218919, 0, 128, 369, 344, 65, 3.41%, 41, 0, 3, 104.56
1629220758, 0, 133, 369, 343, 66, 3.41%, 41, 0, 3, 88.19
1629220819, 0, 133, 371, 345, 66, 3.41%, 41, 0, 3, 82.53
1629221306, 0, 133, 371, 345, 66, 3.41%, 42, 0, 3, 88.79
1629223157, 0, 136, 371, 344, 66, 3.41%, 42, 0, 3, 93.10
1629223279, 0, 136, 372, 345, 66, 3.41%, 42, 0, 3, 60.84
1629223284, 0, 136, 373, 346, 66, 3.41%, 42, 0, 3, 60.30
1629223386, 0, 136, 374, 347, 66, 3.41%, 42, 0, 3, 59.67
1629223421, 0, 136, 375, 348, 66, 3.41%, 42, 0, 3, 69.83
1629224190, 0, 136, 375, 348, 66, 3.41%, 43, 0, 3, 80.59
1629224383, 0, 136, 376, 349, 66, 3.41%, 43, 0, 3, 58.38
1629227832, 0, 144, 376, 348, 66, 3.41%, 43, 0, 3, 75.54
1629228838, 0, 144, 376, 348, 66, 3.41%, 44, 0, 3, 81.20
1629229022, 0, 144, 377, 349, 66, 3.41%, 44, 0, 3, 56.29
1629229144, 0, 144, 378, 350, 66, 3.41%, 44, 0, 3, 57.64
1629232410, 0, 145, 378, 349, 65, 3.41%, 44, 0, 3, 89.01
1629232416, 0, 145, 379, 350, 65, 3.42%, 44, 0, 3, 67.51
1629232527, 0, 145, 380, 351, 65, 3.42%, 44, 0, 3, 70.69
1629232898, 0, 145, 384, 355, 65, 3.43%, 44, 0, 3, 61.57
1629233452, 0, 145, 384, 355, 65, 3.43%, 45, 0, 3, 82.05
1629233620, 0, 145, 387, 358, 65, 3.43%, 45, 0, 3, 58.02
1629233625, 0, 145, 388, 359, 65, 3.43%, 45, 0, 3, 56.32
1629237201, 0, 158, 388, 358, 68, 3.43%, 45, 0, 3, 82.87
1629237511, 0, 158, 389, 359, 68, 3.43%, 45, 0, 3, 66.56
1629237674, 0, 158, 389, 359, 68, 3.43%, 46, 0, 3, 89.17
1629239554, 0, 168, 389, 358, 68, 3.43%, 46, 0, 3, 72.23
1629239559, 0, 168, 391, 360, 68, 3.43%, 46, 0, 3, 63.46
1629240615, 0, 168, 392, 361, 68, 3.43%, 46, 0, 3, 55.67
1629240706, 0, 168, 393, 362, 68, 3.43%, 46, 0, 3, 53.80
1629245569, 0, 169, 393, 361, 68, 3.43%, 46, 0, 3, 65.56
1629245574, 0, 169, 394, 362, 68, 3.43%, 46, 0, 3, 64.88
1629246682, 0, 169, 395, 363, 68, 3.47%, 46, 0, 3, 52.22
1629246687, 0, 169, 398, 366, 68, 3.47%, 46, 0, 3, 48.48
1629246692, 0, 169, 399, 367, 68, 3.47%, 46, 0, 3, 48.04
1629246697, 0, 169, 402, 370, 68, 3.48%, 46, 0, 3, 46.76
1629246707, 0, 169, 403, 371, 68, 3.48%, 46, 0, 3, 46.69
1629246722, 0, 169, 404, 372, 68, 3.48%, 46, 0, 3, 46.28
1629246941, 0, 169, 405, 373, 68, 3.48%, 46, 0, 3, 73.72
1629246946, 0, 169, 406, 374, 68, 3.48%, 46, 0, 3, 72.19
1629250262, 0, 169, 407, 375, 68, 3.48%, 46, 0, 3, 50.54
1629250272, 0, 169, 408, 376, 68, 3.49%, 46, 0, 3, 48.28
1629251075, 0, 169, 409, 377, 68, 3.49%, 46, 0, 3, 56.92
1629251851, 0, 174, 409, 376, 76, 3.49%, 46, 0, 3, 71.54
1629252117, 0, 174, 410, 377, 76, 3.49%, 46, 0, 3, 51.54
1629252122, 0, 174, 411, 378, 76, 3.49%, 46, 0, 3, 49.09
1629252143, 0, 174, 412, 379, 76, 3.49%, 46, 0, 3, 53.23
1629252969, 0, 174, 413, 380, 76, 3.49%, 46, 0, 3, 47.81
1629253010, 0, 174, 414, 381, 76, 3.49%, 46, 0, 3, 47.70
1629253148, 0, 174, 415, 382, 76, 3.50%, 46, 0, 3, 66.89
1629256437, 0, 174, 416, 383, 76, 3.50%, 46, 0, 3, 46.89
1629256611, 0, 174, 417, 384, 76, 3.50%, 46, 0, 3, 46.92
1629256648, 0, 174, 418, 385, 76, 3.50%, 46, 0, 3, 47.04
1629256653, 0, 174, 419, 386, 76, 3.50%, 46, 0, 3, 47.04
1629258038, 0, 174, 420, 387, 76, 3.50%, 46, 0, 3, 54.57
1629258043, 0, 176, 420, 386, 79, 3.50%, 46, 0, 3, 79.94
1629259221, 0, 176, 421, 387, 79, 3.50%, 46, 0, 3, 54.08
1629259312, 0, 176, 422, 388, 79, 3.50%, 46, 0, 3, 56.26
