# unix_time, cycles_done, cur_path, paths_total, pending_total, pending_favs, map_size, unique_crashes, unique_hangs, max_depth, execs_per_sec
1650898009, 0, 0, 1, 1, 1, 0.30%, 0, 0, 1, 4.44
1650898014, 0, 0, 15, 15, 1, 0.58%, 0, 0, 2, 87.54
1650898025, 0, 0, 18, 18, 1, 0.58%, 0, 0, 2, 95.86
1650898030, 0, 0, 19, 19, 1, 0.58%, 0, 0, 2, 91.48
1650898035, 0, 0, 21, 21, 1, 0.60%, 0, 0, 2, 84.48
1650898040, 0, 0, 26, 26, 1, 0.62%, 0, 0, 2, 87.26
1650898061, 0, 0, 32, 32, 1, 0.63%, 0, 0, 2, 102.44
1650898081, 0, 0, 33, 33, 1, 0.63%, 0, 0, 2, 75.75
1650898086, 0, 0, 35, 35, 1, 0.64%, 0, 0, 2, 85.83
1650898091, 0, 0, 38, 38, 1, 0.64%, 0, 0, 2, 86.58
1650898096, 0, 0, 49, 49, 1, 0.69%, 0, 0, 2, 111.54
1650898101, 0, 0, 50, 50, 1, 0.69%, 0, 0, 2, 76.43
1650898107, 0, 0, 51, 51, 1, 0.69%, 0, 0, 2, 64.21
1650898112, 0, 0, 54, 54, 1, 0.70%, 0, 0, 2, 68.85
1650898127, 0, 0, 55, 55, 1, 0.70%, 0, 0, 2, 67.73
1650898137, 0, 0, 57, 57, 1, 0.70%, 0, 0, 2, 61.86
1650898153, 0, 0, 58, 58, 1, 0.70%, 0, 0, 2, 66.84
1650898178, 0, 0, 59, 59, 1, 0.70%, 0, 0, 2, 70.22
1650898229, 0, 0, 60, 60, 1, 0.70%, 0, 0, 2, 51.31
1650898245, 0, 0, 61, 61, 1, 0.70%, 0, 0, 2, 55.46
1650898250, 0, 0, 62, 62, 1, 0.70%, 0, 0, 2, 54.60
1650898265, 0, 0, 63, 63, 1, 0.70%, 0, 0, 2, 61.94
1650898285, 0, 0, 64, 64, 1, 0.71%, 0, 0, 2, 63.27
1650898372, 0, 0, 65, 65, 1, 0.71%, 0, 0, 2, 75.79
1650898377, 0, 0, 69, 69, 1, 0.71%, 0, 0, 2, 68.01
1650898550, 0, 0, 70, 70, 1, 0.72%, 0, 0, 2, 109.37
1650898555, 0, 0, 75, 75, 1, 0.72%, 0, 0, 2, 57.00
1650898560, 0, 0, 81, 81, 1, 0.72%, 0, 0, 2, 38.21
1650898565, 0, 0, 87, 87, 1, 0.72%, 0, 0, 2, 40.63
1650898570, 0, 0, 90, 90, 1, 0.72%, 0, 0, 2, 44.59
1650898611, 0, 0, 92, 92, 1, 0.72%, 0, 0, 2, 42.26
1650898616, 0, 0, 93, 93, 1, 0.72%, 0, 0, 2, 41.22
1650898621, 0, 0, 95, 95, 1, 0.73%, 0, 0, 2, 40.85
1650898626, 0, 0, 96, 96, 1, 0.73%, 0, 0, 2, 38.86
1650898647, 0, 0, 97, 97, 1, 0.73%, 0, 0, 2, 38.66
1650898652, 0, 0, 99, 99, 1, 0.73%, 0, 0, 2, 38.92
1650898714, 0, 0, 100, 100, 1, 0.73%, 0, 0, 2, 43.15
1650898873, 0, 0, 101, 101, 1, 0.73%, 0, 0, 2, 37.13
1650899605, 0, 0, 102, 102, 1, 0.73%, 0, 0, 2, 66.67
1650899661, 0, 0, 104, 104, 1, 0.73%, 0, 0, 2, 48.58
1650899666, 0, 0, 106, 106, 1, 0.79%, 0, 0, 2, 47.53
1650899671, 0, 0, 112, 112, 1, 0.79%, 0, 0, 2, 46.47
1650899676, 0, 0, 114, 114, 1, 0.79%, 0, 0, 2, 44.65
1650899681, 0, 0, 119, 119, 1, 0.79%, 0, 0, 2, 48.42
1650899686, 0, 0, 122, 122, 1, 0.79%, 0, 0, 2, 48.24
1650899692, 0, 0, 124, 124, 1, 0.80%, 0, 0, 2, 40.05
1650899697, 0, 0, 125, 125, 1, 0.80%, 0, 0, 2, 35.63
1650899702, 0, 0, 127, 127, 1, 0.80%, 0, 0, 2, 36.30
1650899707, 0, 0, 130, 130, 1, 0.87%, 0, 0, 2, 35.90
1650899712, 0, 0, 132, 132, 1, 0.87%, 0, 0, 2, 37.48
1650899722, 0, 0, 133, 133, 1, 0.87%, 0, 0, 2, 42.94
1650900137, 0, 0, 134, 134, 1, 0.87%, 0, 0, 2, 40.97
1650906913, 0, 0, 135, 135, 1, 0.87%, 0, 0, 2, 43.17
1650906919, 0, 0, 136, 136, 1, 0.87%, 0, 0, 2, 46.51
1650906924, 0, 0, 137, 137, 1, 0.87%, 0, 0, 2, 45.68
1650907000, 0, 0, 147, 147, 1, 0.87%, 0, 0, 2, 52.17
1650907005, 0, 0, 149, 149, 1, 0.87%, 0, 0, 2, 55.39
1650907011, 0, 0, 154, 154, 1, 0.87%, 0, 0, 2, 50.50
1650907026, 0, 0, 155, 155, 1, 0.87%, 0, 0, 2, 54.25
1650907031, 0, 0, 157, 157, 1, 0.87%, 0, 0, 2, 53.18
1650907036, 0, 0, 159, 159, 1, 0.87%, 0, 0, 2, 55.63
1650907041, 0, 0, 160, 160, 1, 0.87%, 0, 0, 2, 56.79
1650907046, 0, 0, 161, 161, 1, 0.87%, 0, 0, 2, 58.28
1650907052, 0, 0, 162, 162, 1, 0.87%, 0, 0, 2, 59.46
1650907057, 0, 0, 164, 164, 1, 0.87%, 0, 0, 2, 56.11
1650907062, 0, 0, 166, 166, 1, 0.87%, 0, 0, 2, 56.95
1650907067, 0, 0, 167, 167, 1, 0.87%, 0, 0, 2, 56.88
1650907077, 0, 0, 168, 168, 1, 0.87%, 0, 0, 2, 57.06
1650907082, 0, 0, 169, 169, 1, 0.87%, 0, 0, 2, 57.53
1650907087, 0, 0, 170, 170, 1, 0.87%, 0, 0, 2, 57.36
1650907103, 0, 0, 171, 171, 1, 0.87%, 0, 0, 2, 57.55
1650907108, 0, 0, 172, 172, 1, 0.87%, 0, 0, 2, 60.28
1650907123, 0, 0, 173, 173, 1, 0.87%, 0, 0, 2, 50.25
1650907149, 0, 0, 174, 174, 1, 0.87%, 0, 0, 2, 55.34
1650907154, 0, 0, 175, 175, 1, 0.87%, 0, 0, 2, 55.98
1650907164, 0, 0, 176, 176, 1, 0.87%, 0, 0, 2, 57.76
1650907174, 0, 0, 177, 177, 1, 0.87%, 0, 0, 2, 51.83
1650907180, 0, 0, 178, 178, 1, 0.87%, 0, 0, 2, 54.97
1650907205, 0, 0, 179, 179, 1, 0.87%, 0, 0, 2, 57.05
1650907246, 0, 0, 180, 180, 1, 0.87%, 0, 0, 2, 55.08
1650907261, 0, 0, 181, 181, 1, 0.87%, 0, 0, 2, 55.80
1650907281, 0, 0, 182, 182, 1, 0.87%, 0, 0, 2, 51.81
1650907291, 0, 0, 183, 183, 1, 0.87%, 0, 0, 2, 55.37
1650907296, 0, 2, 184, 183, 50, 0.87%, 0, 0, 2, 52.83
1650907409, 0, 2, 185, 184, 50, 0.87%, 0, 0, 3, 50.26
1650907702, 0, 4, 185, 183, 48, 0.87%, 0, 0, 3, 79.70
1650907753, 0, 4, 186, 184, 48, 0.88%, 0, 0, 3, 52.43
1650908096, 0, 5, 186, 183, 47, 0.88%, 0, 0, 3, 100.98
1650908106, 0, 5, 186, 183, 47, 0.88%, 1, 0, 3, 68.42
1650908111, 0, 5, 187, 184, 47, 0.90%, 1, 0, 3, 50.14
1650908116, 0, 5, 188, 185, 47, 0.90%, 1, 0, 3, 42.27
1650908152, 0, 5, 189, 186, 47, 0.90%, 1, 0, 3, 54.69
1650908213, 0, 5, 190, 187, 47, 0.91%, 1, 0, 3, 40.88
1650908233, 0, 5, 191, 188, 47, 0.91%, 1, 0, 3, 47.92
1650908259, 0, 5, 192, 189, 47, 0.91%, 1, 0, 3, 47.27
1650908454, 0, 5, 193, 190, 47, 0.91%, 1, 0, 3, 48.11
1650908505, 0, 5, 194, 191, 47, 0.91%, 1, 0, 3, 46.54
1650908536, 0, 7, 194, 190, 48, 0.91%, 1, 0, 3, 89.52
1650908940, 0, 8, 194, 189, 47, 0.91%, 1, 0, 3, 67.90
1650909073, 0, 8, 195, 190, 47, 0.91%, 1, 0, 3, 44.13
1650909344, 0, 9, 195, 189, 45, 0.91%, 1, 0, 3, 83.07
1650909748, 0, 13, 195, 188, 44, 0.91%, 1, 0, 3, 68.34
1650918473, 0, 14, 195, 187, 43, 0.91%, 1, 0, 3, 54.69
1650919806, 0, 14, 196, 188, 43, 0.91%, 1, 0, 3, 41.54
1650927122, 0, 15, 196, 187, 43, 0.91%, 1, 0, 3, 53.67
1650935909, 0, 16, 196, 186, 42, 0.91%, 1, 0, 3, 54.86
1650937142, 0, 16, 197, 187, 42, 0.93%, 1, 0, 3, 42.40
1650944462, 0, 16, 198, 188, 42, 0.93%, 1, 0, 3, 53.65
1650944478, 0, 16, 199, 189, 42, 0.93%, 1, 0, 3, 55.43
1650944514, 0, 19, 199, 188, 42, 0.93%, 1, 0, 3, 53.22
1650946003, 0, 19, 200, 189, 42, 0.94%, 1, 0, 3, 48.61
1650952063, 0, 20, 200, 188, 42, 0.94%, 1, 0, 3, 60.42
1650959350, 0, 21, 200, 187, 41, 0.94%, 1, 0, 3, 80.53
1650959361, 0, 21, 201, 188, 41, 0.94%, 1, 0, 3, 79.77
1650959447, 0, 21, 202, 189, 41, 0.94%, 1, 0, 3, 66.06
1650959671, 0, 21, 203, 190, 41, 0.94%, 1, 0, 3, 125.75
1650959676, 0, 28, 203, 189, 41, 0.94%, 1, 0, 3, 127.64
1650960007, 0, 29, 203, 188, 40, 0.94%, 1, 0, 3, 86.63
1650960236, 0, 33, 203, 187, 39, 0.94%, 1, 0, 3, 86.96
1650960272, 0, 33, 204, 188, 39, 0.94%, 1, 0, 3, 60.78
1650960563, 0, 33, 205, 189, 39, 0.94%, 1, 0, 3, 53.67
1650967128, 0, 34, 205, 188, 39, 0.94%, 1, 0, 3, 65.76
1650971369, 0, 40, 205, 187, 38, 0.94%, 1, 0, 3, 106.81
1650971430, 0, 41, 206, 187, 37, 0.94%, 1, 0, 3, 108.10
1650971751, 0, 42, 206, 186, 36, 0.94%, 1, 0, 3, 93.03
1650971847, 0, 42, 207, 187, 36, 0.94%, 1, 0, 3, 62.39
1650971857, 0, 42, 208, 188, 36, 0.94%, 1, 0, 3, 64.42
1650972070, 0, 43, 208, 187, 33, 0.94%, 1, 0, 3, 92.19
1650972390, 0, 44, 208, 186, 32, 0.94%, 1, 0, 3, 106.23
1650972487, 0, 44, 209, 187, 32, 0.94%, 1, 0, 3, 59.45
1650972711, 0, 50, 209, 186, 31, 0.94%, 1, 0, 3, 122.99
1650974266, 0, 50, 210, 187, 31, 0.95%, 1, 0, 3, 50.11
1650974271, 0, 50, 211, 188, 31, 0.95%, 1, 0, 3, 57.62
1650974276, 0, 50, 213, 190, 31, 0.95%, 1, 0, 3, 58.47
1650979669, 0, 50, 214, 191, 31, 0.95%, 1, 0, 3, 66.86
1650979680, 0, 51, 214, 190, 34, 0.95%, 1, 0, 3, 67.28
1650979843, 0, 51, 215, 191, 34, 0.95%, 1, 0, 3, 55.98
1650981367, 0, 51, 216, 192, 34, 0.95%, 1, 0, 3, 51.79
