# unix_time, cycles_done, cur_path, paths_total, pending_total, pending_favs, map_size, unique_crashes, unique_hangs, max_depth, execs_per_sec
1650986066, 0, 0, 1, 1, 1, 0.81%, 0, 0, 1, 0.27
1650986076, 0, 0, 4, 4, 1, 0.84%, 0, 0, 2, 6.13
1650986087, 0, 0, 5, 5, 1, 0.84%, 0, 0, 2, 5.34
1650986139, 0, 0, 7, 7, 1, 0.84%, 0, 0, 2, 4.85
1650986196, 0, 0, 8, 8, 1, 0.84%, 0, 0, 2, 4.69
1650986216, 0, 0, 9, 9, 1, 0.85%, 0, 0, 2, 5.16
1650986278, 0, 0, 10, 10, 1, 0.85%, 0, 0, 2, 4.80
1650986376, 0, 0, 11, 11, 1, 0.85%, 0, 0, 2, 3.33
1650986428, 0, 0, 12, 12, 1, 0.85%, 0, 0, 2, 3.93
1650986485, 0, 0, 13, 13, 1, 0.85%, 0, 0, 2, 3.90
1650986566, 0, 0, 14, 14, 1, 0.85%, 0, 0, 2, 3.82
1650986633, 0, 0, 15, 15, 1, 0.85%, 0, 0, 2, 3.59
1650987163, 0, 0, 16, 16, 1, 0.85%, 0, 0, 2, 8.64
1650987968, 0, 0, 17, 17, 1, 0.86%, 0, 0, 2, 74.79
1650987973, 0, 0, 21, 21, 1, 0.88%, 0, 0, 2, 45.69
1650987978, 0, 0, 25, 25, 1, 0.89%, 0, 0, 2, 32.45
1650987983, 0, 0, 26, 26, 1, 0.89%, 0, 0, 2, 3.15
1650988330, 0, 0, 27, 27, 1, 0.90%, 0, 0, 2, 3.75
1650989414, 0, 0, 28, 28, 1, 0.90%, 0, 0, 2, 39.67
1650989420, 0, 0, 29, 29, 1, 0.90%, 0, 0, 2, 2.90
1650989425, 0, 0, 30, 30, 1, 0.90%, 0, 0, 2, 42.36
1650989512, 0, 0, 33, 33, 1, 0.90%, 0, 0, 2, 14.30
1650989520, 0, 0, 34, 34, 1, 0.91%, 0, 0, 2, 0.50
1650989538, 0, 0, 35, 35, 1, 0.91%, 0, 0, 2, 0.92
1650989567, 0, 0, 36, 36, 1, 0.91%, 0, 0, 2, 4.59
1650989572, 0, 0, 38, 38, 1, 0.96%, 0, 0, 2, 0.52
1650989602, 0, 0, 39, 39, 1, 0.96%, 0, 0, 2, 0.67
1650989619, 0, 0, 40, 40, 1, 0.99%, 0, 0, 2, 2.21
1650990327, 0, 0, 40, 40, 1, 0.99%, 1, 0, 2, 0.00
1650990468, 0, 0, 40, 40, 1, 0.99%, 2, 0, 2, 0.00
1650990473, 0, 0, 41, 41, 1, 0.99%, 2, 0, 2, 2.48
1650990492, 0, 0, 44, 44, 1, 1.29%, 2, 0, 2, 25.24
