# unix_time, cycles_done, cur_path, paths_total, pending_total, pending_favs, map_size, unique_crashes, unique_hangs, max_depth, execs_per_sec
1650726657, 0, 0, 1, 1, 1, 0.11%, 0, 0, 1, 30.19
1650726662, 0, 0, 14, 14, 1, 0.23%, 1, 0, 2, 358.16
1650726667, 0, 0, 18, 18, 1, 0.24%, 1, 0, 2, 348.23
1650726672, 0, 0, 20, 20, 1, 0.24%, 1, 0, 2, 311.39
1650726677, 0, 0, 23, 23, 1, 0.24%, 1, 0, 2, 267.73
1650726683, 0, 0, 27, 27, 1, 0.24%, 1, 0, 2, 268.15
1650726708, 0, 0, 33, 33, 1, 0.26%, 1, 0, 2, 284.49
1650726718, 0, 0, 35, 35, 1, 0.26%, 1, 0, 2, 298.57
1650726769, 0, 0, 36, 36, 1, 0.26%, 1, 0, 2, 245.83
1650726784, 0, 0, 38, 38, 1, 0.26%, 1, 0, 2, 182.64
1650726789, 0, 0, 39, 39, 1, 0.26%, 1, 0, 2, 197.11
1650726804, 0, 0, 41, 41, 1, 0.27%, 1, 0, 2, 258.62
1650726814, 0, 0, 43, 43, 1, 0.27%, 1, 0, 2, 279.72
1650726915, 0, 0, 47, 47, 1, 0.31%, 1, 0, 2, 241.36
1650726986, 0, 0, 48, 48, 1, 0.32%, 1, 0, 2, 215.55
1650727002, 0, 0, 49, 49, 1, 0.32%, 1, 0, 2, 207.98
1650727225, 0, 0, 50, 50, 1, 0.32%, 1, 0, 2, 207.79
1650728006, 0, 0, 51, 51, 1, 0.32%, 1, 0, 2, 283.15
1650728011, 0, 5, 51, 50, 16, 0.32%, 1, 0, 2, 253.49
1650729249, 0, 5, 53, 52, 16, 0.32%, 1, 0, 3, 229.25
1650729254, 0, 5, 54, 53, 16, 0.32%, 1, 0, 3, 298.07
1650729264, 0, 5, 55, 54, 16, 0.32%, 1, 0, 3, 270.98
1650729269, 0, 5, 56, 55, 16, 0.32%, 1, 0, 3, 310.29
1650729284, 0, 5, 57, 56, 16, 0.32%, 1, 0, 3, 282.11
1650729289, 0, 5, 58, 57, 16, 0.32%, 1, 0, 3, 317.90
1650729360, 0, 9, 58, 56, 15, 0.32%, 1, 0, 3, 260.36
1650730751, 0, 9, 59, 57, 15, 0.32%, 1, 0, 3, 250.67
1650730756, 0, 11, 59, 56, 14, 0.32%, 1, 0, 3, 261.40
1650730812, 0, 11, 60, 57, 14, 0.34%, 1, 0, 3, 158.05
1650730924, 0, 12, 60, 56, 14, 0.34%, 1, 0, 3, 240.26
1650731015, 0, 12, 61, 57, 14, 0.34%, 1, 0, 3, 264.56
1650732160, 0, 12, 62, 58, 14, 0.34%, 1, 0, 3, 262.54
1650732165, 0, 16, 62, 57, 14, 0.34%, 1, 0, 3, 286.13
1650733418, 0, 18, 62, 56, 13, 0.34%, 1, 0, 3, 262.33
1650733926, 0, 24, 62, 55, 12, 0.34%, 1, 0, 3, 288.98
1650735169, 0, 24, 63, 56, 12, 0.34%, 1, 0, 3, 241.89
1650735174, 0, 27, 63, 55, 12, 0.34%, 1, 0, 3, 298.80
1650736599, 0, 31, 63, 54, 11, 0.34%, 1, 0, 3, 274.72
1650737158, 0, 35, 63, 53, 10, 0.34%, 1, 0, 3, 242.89
1650739150, 0, 38, 63, 52, 9, 0.34%, 1, 0, 3, 218.51
1650741247, 0, 38, 64, 53, 9, 0.34%, 1, 0, 3, 223.02
1650741258, 0, 40, 64, 52, 8, 0.34%, 1, 0, 3, 244.10
1650741552, 0, 43, 64, 51, 7, 0.34%, 1, 0, 3, 262.46
1650742025, 0, 43, 65, 52, 7, 0.36%, 1, 0, 3, 200.90
1650742040, 0, 43, 70, 57, 7, 0.37%, 1, 0, 3, 187.14
1650742045, 0, 43, 71, 58, 7, 0.37%, 1, 0, 3, 174.50
1650742081, 0, 43, 72, 59, 7, 0.37%, 1, 0, 3, 196.62
1650742086, 0, 43, 73, 60, 7, 0.37%, 1, 0, 3, 206.89
1650742873, 0, 44, 73, 59, 8, 0.37%, 1, 0, 3, 256.44
1650743421, 0, 44, 74, 60, 8, 0.37%, 1, 0, 3, 209.00
1650744132, 0, 45, 74, 59, 7, 0.37%, 1, 0, 3, 244.65
1650744208, 0, 45, 75, 60, 7, 0.37%, 1, 0, 3, 244.24
1650745410, 0, 47, 76, 60, 7, 0.38%, 1, 0, 3, 247.57
1650745577, 0, 47, 77, 61, 7, 0.38%, 1, 0, 3, 161.62
1650746876, 0, 59, 77, 60, 8, 0.38%, 1, 0, 3, 254.24
1650747130, 0, 60, 77, 59, 7, 0.38%, 1, 0, 3, 244.19
1650748392, 0, 60, 78, 60, 7, 0.38%, 1, 0, 4, 236.87
1650748403, 0, 62, 78, 59, 6, 0.38%, 1, 0, 4, 272.77
1650749158, 0, 62, 81, 62, 6, 0.38%, 1, 0, 4, 278.88
1650749168, 0, 62, 82, 63, 6, 0.38%, 1, 0, 4, 327.15
1650749209, 0, 64, 83, 63, 5, 0.38%, 1, 0, 4, 279.77
1650749229, 0, 64, 84, 64, 5, 0.38%, 1, 0, 4, 211.50
1650749245, 0, 64, 85, 65, 5, 0.38%, 1, 0, 4, 180.35
1650749265, 0, 64, 86, 66, 5, 0.38%, 1, 0, 4, 198.53
1650749301, 0, 64, 88, 68, 5, 0.38%, 1, 0, 4, 184.46
1650749716, 0, 64, 89, 69, 5, 0.38%, 1, 0, 4, 178.11
1650749828, 0, 64, 90, 70, 5, 0.38%, 1, 0, 4, 194.82
1650749883, 0, 64, 91, 71, 5, 0.38%, 1, 0, 4, 177.76
1650750725, 0, 64, 92, 72, 5, 0.38%, 1, 0, 4, 267.08
1650750730, 0, 74, 92, 71, 6, 0.38%, 1, 0, 4, 252.98
1650751543, 0, 74, 93, 72, 6, 0.38%, 1, 0, 4, 244.14
1650751796, 0, 75, 93, 71, 5, 0.38%, 1, 0, 4, 246.96
1650753268, 0, 76, 93, 70, 4, 0.38%, 1, 0, 4, 223.22
1650755111, 0, 84, 93, 69, 3, 0.38%, 1, 0, 4, 211.33
1650755617, 0, 84, 94, 70, 3, 0.38%, 1, 0, 5, 179.13
1650756637, 0, 88, 94, 69, 3, 0.38%, 1, 0, 5, 213.28
1650756658, 0, 88, 96, 71, 3, 0.41%, 1, 0, 5, 194.78
1650757348, 0, 88, 97, 72, 3, 0.41%, 1, 0, 5, 174.84
1650757490, 0, 88, 98, 73, 3, 0.41%, 1, 0, 5, 182.66
1650757500, 0, 88, 100, 75, 3, 0.41%, 1, 0, 5, 199.17
1650757505, 0, 88, 102, 77, 3, 0.41%, 1, 0, 5, 190.26
1650757525, 0, 88, 103, 78, 3, 0.41%, 1, 0, 5, 195.67
1650758277, 0, 89, 103, 77, 5, 0.41%, 1, 0, 5, 249.63
1650759819, 0, 93, 103, 76, 4, 0.41%, 1, 0, 5, 266.34
1650759844, 0, 93, 104, 77, 4, 0.41%, 1, 0, 6, 204.36
1650759926, 0, 93, 105, 78, 4, 0.41%, 1, 0, 6, 193.44
1650760670, 0, 93, 106, 79, 4, 0.41%, 1, 0, 6, 178.20
1650761467, 0, 94, 106, 78, 5, 0.41%, 1, 0, 6, 228.96
1650761477, 0, 94, 107, 79, 5, 0.41%, 1, 0, 6, 217.99
1650761488, 0, 94, 108, 80, 5, 0.41%, 1, 0, 6, 216.45
1650761523, 0, 94, 109, 81, 5, 0.41%, 1, 0, 6, 215.78
1650761574, 0, 94, 110, 82, 5, 0.41%, 1, 0, 6, 207.85
1650763101, 0, 95, 110, 81, 5, 0.41%, 1, 0, 6, 214.09
1650764728, 0, 95, 111, 82, 5, 0.41%, 1, 0, 6, 263.34
1650764744, 0, 103, 111, 81, 4, 0.41%, 1, 0, 6, 218.24
1650766366, 0, 107, 111, 80, 3, 0.41%, 1, 0, 6, 241.02
1650768000, 0, 108, 111, 79, 2, 0.41%, 1, 0, 6, 248.72
1650768912, 0, 108, 112, 80, 2, 0.41%, 1, 0, 7, 178.22
1650769653, 0, 109, 112, 79, 1, 0.41%, 1, 0, 7, 224.77
1650771035, 1, 1, 112, 78, 0, 0.41%, 1, 0, 7, 243.57
1650771208, 1, 9, 112, 77, 0, 0.41%, 1, 0, 7, 295.82
1650771213, 1, 16, 114, 79, 0, 0.41%, 1, 0, 7, 323.99
1650771223, 1, 23, 114, 79, 0, 0.41%, 1, 0, 7, 252.85
1650772624, 1, 23, 115, 80, 0, 0.41%, 1, 0, 7, 272.05
1650772629, 1, 26, 115, 79, 0, 0.41%, 1, 0, 7, 271.32
1650773954, 1, 28, 115, 78, 0, 0.41%, 1, 0, 7, 219.61
1650774847, 1, 28, 116, 79, 0, 0.41%, 1, 0, 7, 264.11
1650774852, 2, 14, 116, 78, 1, 0.41%, 1, 0, 7, 264.74
1650776227, 2, 15, 116, 77, 0, 0.41%, 1, 0, 7, 246.67
1650776415, 2, 16, 116, 76, 0, 0.41%, 1, 0, 7, 285.40
1650776420, 2, 19, 116, 76, 0, 0.41%, 1, 0, 7, 288.46
1650777003, 2, 31, 116, 75, 0, 0.41%, 1, 0, 7, 253.59
1650777009, 2, 41, 116, 75, 0, 0.41%, 1, 0, 7, 244.18
1650778282, 2, 48, 116, 74, 0, 0.41%, 1, 0, 7, 243.71
1650781834, 2, 50, 116, 73, 0, 0.41%, 1, 0, 7, 240.60
1650782571, 2, 50, 117, 74, 0, 0.41%, 1, 0, 7, 304.94
1650782576, 2, 116, 117, 73, 1, 0.41%, 1, 0, 7, 195.06
1650783846, 2, 116, 118, 74, 1, 0.41%, 1, 0, 7, 266.48
1650783866, 3, 13, 119, 74, 0, 0.41%, 1, 0, 7, 295.60
1650785191, 3, 13, 120, 75, 0, 0.41%, 1, 0, 7, 250.85
1650785196, 3, 13, 121, 76, 0, 0.41%, 1, 0, 7, 280.01
1650785206, 3, 16, 122, 76, 0, 0.41%, 1, 0, 7, 295.92
1650785211, 3, 22, 122, 76, 0, 0.41%, 1, 0, 7, 255.46
1650786358, 3, 29, 122, 75, 0, 0.41%, 1, 0, 7, 232.22
1650787257, 3, 33, 122, 74, 0, 0.41%, 1, 0, 7, 239.32
1650788654, 3, 37, 122, 73, 0, 0.41%, 1, 0, 7, 224.25
1650790713, 3, 43, 123, 73, 0, 0.41%, 1, 0, 7, 275.96
1650790719, 3, 51, 123, 73, 0, 0.41%, 1, 0, 7, 206.60
1650792136, 3, 56, 123, 72, 0, 0.41%, 1, 0, 7, 195.71
1650794181, 3, 58, 123, 71, 0, 0.41%, 1, 0, 7, 223.08
1650795231, 3, 58, 125, 73, 0, 0.41%, 1, 0, 7, 269.18
1650795241, 3, 58, 126, 74, 0, 0.41%, 1, 0, 7, 296.50
1650795251, 3, 58, 127, 75, 0, 0.41%, 1, 0, 7, 308.71
1650795276, 3, 58, 128, 76, 0, 0.41%, 1, 0, 7, 302.17
1650795337, 3, 59, 128, 75, 0, 0.41%, 1, 0, 7, 298.22
1650795342, 3, 61, 129, 76, 0, 0.41%, 1, 0, 7, 200.60
1650797679, 3, 63, 129, 75, 0, 0.41%, 1, 0, 7, 187.79
1650799984, 3, 63, 130, 76, 0, 0.41%, 1, 0, 7, 165.64
1650799994, 3, 68, 130, 75, 0, 0.41%, 1, 0, 7, 258.98
1650802290, 3, 68, 131, 76, 0, 0.41%, 1, 0, 7, 220.86
1650802295, 3, 68, 132, 77, 0, 0.41%, 1, 0, 7, 274.28
1650802305, 3, 117, 134, 78, 1, 0.41%, 1, 0, 7, 305.00
1650805072, 3, 132, 134, 77, 1, 0.41%, 1, 0, 7, 254.47
1650806394, 3, 132, 135, 78, 1, 0.41%, 1, 0, 7, 309.30
1650806445, 4, 3, 135, 77, 0, 0.41%, 1, 0, 7, 342.27
1650807247, 4, 4, 135, 76, 0, 0.41%, 1, 0, 7, 257.60
1650808262, 4, 6, 135, 75, 0, 0.41%, 1, 0, 7, 259.41
1650809586, 4, 10, 136, 75, 0, 0.41%, 1, 0, 7, 307.29
1650810538, 4, 16, 136, 74, 0, 0.41%, 1, 0, 7, 286.67
1650810543, 4, 21, 136, 74, 0, 0.41%, 1, 0, 7, 273.39
1650811649, 4, 25, 136, 73, 0, 0.41%, 1, 0, 7, 259.04
1650813055, 4, 34, 136, 72, 0, 0.41%, 1, 0, 7, 240.07
1650814325, 4, 38, 136, 71, 0, 0.41%, 1, 0, 7, 284.11
1650814330, 4, 46, 136, 71, 0, 0.41%, 1, 0, 7, 278.75
1650815659, 4, 49, 136, 70, 0, 0.41%, 1, 0, 7, 245.91
1650817087, 4, 52, 136, 69, 0, 0.41%, 1, 0, 7, 267.53
1650818271, 4, 54, 136, 68, 0, 0.41%, 1, 0, 7, 247.79
1650819140, 4, 54, 137, 69, 0, 0.41%, 1, 0, 7, 229.87
1650819145, 4, 59, 137, 68, 0, 0.41%, 1, 0, 7, 296.15
1650819150, 4, 65, 137, 68, 0, 0.41%, 1, 0, 7, 245.94
1650820962, 4, 67, 137, 67, 0, 0.41%, 1, 0, 7, 211.66
1650823243, 4, 76, 137, 66, 0, 0.41%, 1, 0, 7, 268.45
1650823248, 4, 78, 137, 66, 0, 0.41%, 1, 0, 7, 249.24
1650824413, 4, 78, 138, 67, 0, 0.41%, 1, 0, 7, 278.17
1650824428, 4, 79, 138, 66, 0, 0.41%, 1, 0, 7, 236.73
1650825831, 4, 84, 139, 66, 0, 0.41%, 1, 0, 7, 279.82
1650825836, 4, 87, 139, 66, 0, 0.41%, 1, 0, 7, 246.24
1650827244, 4, 90, 139, 65, 0, 0.41%, 1, 0, 7, 271.74
1650831468, 4, 90, 140, 66, 0, 0.41%, 1, 0, 7, 256.36
1650831478, 4, 90, 141, 67, 0, 0.41%, 1, 0, 7, 249.02
1650831499, 4, 94, 142, 67, 0, 0.41%, 1, 0, 7, 273.76
1650831504, 4, 95, 144, 69, 0, 0.41%, 1, 0, 7, 291.65
1650831509, 4, 98, 144, 69, 0, 0.41%, 1, 0, 7, 228.62
1650833560, 4, 108, 145, 69, 0, 0.41%, 1, 0, 7, 291.29
1650833565, 4, 109, 146, 70, 0, 0.41%, 1, 0, 7, 286.53
1650833570, 4, 110, 146, 70, 0, 0.41%, 1, 0, 7, 221.94
1650833753, 4, 110, 147, 71, 0, 0.41%, 1, 0, 7, 193.93
1650835411, 4, 110, 148, 72, 0, 0.41%, 1, 0, 7, 184.75
1650835863, 4, 110, 149, 73, 0, 0.41%, 1, 0, 7, 242.48
1650835873, 4, 116, 149, 72, 0, 0.41%, 1, 0, 7, 266.62
1650835878, 4, 126, 149, 72, 0, 0.41%, 1, 0, 7, 209.36
1650842863, 4, 126, 150, 73, 0, 0.41%, 1, 0, 7, 211.61
1650842868, 4, 126, 151, 74, 0, 0.41%, 1, 0, 7, 223.94
1650842873, 4, 126, 152, 75, 0, 0.41%, 1, 0, 7, 236.16
1650842893, 4, 126, 153, 76, 0, 0.41%, 1, 0, 7, 236.36
1650843000, 4, 131, 153, 75, 0, 0.41%, 1, 0, 7, 195.27
1650845489, 4, 131, 154, 76, 0, 0.41%, 1, 0, 7, 162.08
1650845983, 4, 131, 155, 77, 0, 0.42%, 1, 0, 7, 166.82
1650850740, 4, 131, 156, 78, 0, 0.42%, 1, 0, 7, 199.37
1650850750, 4, 131, 157, 79, 0, 0.42%, 1, 0, 7, 231.59
1650850755, 4, 131, 159, 81, 0, 0.42%, 1, 0, 7, 225.54
1650850760, 4, 131, 160, 82, 0, 0.42%, 1, 0, 7, 216.87
1650850786, 4, 131, 161, 83, 0, 0.42%, 1, 0, 7, 176.50
1650850887, 4, 154, 161, 82, 1, 0.42%, 1, 0, 7, 184.97
1650850908, 4, 154, 162, 83, 1, 0.42%, 1, 0, 7, 178.13
1650857977, 4, 154, 163, 84, 1, 0.42%, 1, 0, 7, 224.02
1650857988, 4, 154, 164, 85, 1, 0.42%, 1, 0, 7, 215.94
1650858064, 4, 154, 165, 86, 1, 0.42%, 1, 0, 7, 215.95
1650858079, 4, 161, 165, 85, 1, 0.42%, 1, 0, 7, 211.80
1650858084, 4, 161, 168, 88, 1, 0.45%, 1, 0, 7, 213.84
1650858089, 4, 161, 169, 89, 1, 0.45%, 1, 0, 7, 194.65
1650861455, 4, 161, 170, 90, 1, 0.45%, 1, 0, 7, 256.59
1650861511, 4, 165, 170, 89, 4, 0.45%, 1, 0, 7, 247.41
1650863925, 4, 165, 175, 94, 4, 0.48%, 1, 0, 8, 186.77
1650864810, 4, 165, 176, 95, 4, 0.48%, 1, 0, 8, 258.42
1650864815, 4, 165, 177, 96, 4, 0.48%, 1, 0, 8, 282.77
1650864835, 4, 165, 178, 97, 4, 0.48%, 1, 0, 8, 267.01
1650864881, 4, 165, 179, 98, 4, 0.48%, 1, 0, 8, 252.07
1650864886, 4, 166, 179, 97, 5, 0.48%, 1, 0, 8, 223.32
1650864942, 4, 166, 180, 98, 5, 0.48%, 1, 0, 8, 189.99
1650868427, 4, 166, 181, 99, 5, 0.48%, 1, 0, 8, 204.26
1650868575, 4, 169, 181, 98, 4, 0.48%, 1, 0, 8, 251.11
1650871503, 4, 170, 181, 97, 3, 0.48%, 1, 0, 8, 265.37
1650871508, 4, 170, 182, 98, 3, 0.49%, 1, 0, 9, 217.57
1650871584, 4, 170, 183, 99, 3, 0.49%, 1, 0, 9, 197.76
1650871605, 4, 170, 184, 100, 3, 0.49%, 1, 0, 9, 222.09
1650873023, 4, 170, 185, 101, 3, 0.50%, 1, 0, 9, 202.90
1650873687, 4, 170, 186, 102, 3, 0.51%, 1, 0, 9, 191.38
1650875374, 4, 170, 187, 103, 3, 0.51%, 1, 0, 9, 246.23
1650875394, 4, 170, 188, 104, 3, 0.51%, 1, 0, 9, 269.88
1650875419, 4, 170, 189, 105, 3, 0.51%, 1, 0, 9, 259.57
1650875435, 4, 170, 190, 106, 3, 0.51%, 1, 0, 9, 276.00
1650875455, 4, 171, 190, 105, 5, 0.51%, 1, 0, 9, 236.53
1650875678, 4, 171, 191, 106, 5, 0.52%, 1, 0, 9, 186.39
1650877090, 4, 171, 194, 109, 5, 0.54%, 1, 0, 9, 203.31
1650877095, 4, 171, 199, 114, 5, 0.58%, 1, 1, 9, 23.60
1650877101, 4, 171, 204, 119, 5, 0.61%, 1, 1, 9, 205.73
1650877106, 4, 171, 205, 120, 5, 0.64%, 1, 1, 9, 192.76
1650879515, 4, 179, 205, 119, 19, 0.64%, 1, 1, 9, 239.47
1650881903, 4, 179, 206, 120, 19, 0.64%, 1, 1, 9, 273.16
1650881938, 4, 179, 207, 121, 19, 0.64%, 1, 1, 9, 299.66
1650881964, 4, 182, 207, 120, 18, 0.64%, 1, 1, 9, 244.36
1650886017, 4, 184, 207, 119, 17, 0.64%, 1, 1, 9, 222.29
1650889884, 4, 185, 207, 118, 16, 0.64%, 1, 1, 9, 200.10
1650889960, 4, 185, 208, 119, 16, 0.64%, 1, 1, 10, 200.58
1650894127, 4, 185, 209, 120, 16, 0.65%, 1, 1, 10, 186.43
1650894229, 4, 185, 211, 122, 16, 0.65%, 1, 1, 10, 200.80
1650894244, 4, 185, 212, 123, 16, 0.65%, 1, 1, 10, 252.89
1650894249, 4, 185, 213, 124, 16, 0.65%, 1, 1, 10, 256.71
1650894361, 4, 190, 213, 123, 16, 0.65%, 1, 1, 10, 207.98
1650896028, 4, 190, 214, 124, 16, 0.67%, 1, 1, 10, 1.97
1650896073, 4, 190, 215, 125, 16, 0.68%, 1, 1, 10, 182.07
1650896083, 4, 190, 217, 127, 16, 0.70%, 1, 1, 10, 179.69
