# unix_time, cycles_done, cur_path, paths_total, pending_total, pending_favs, map_size, unique_crashes, unique_hangs, max_depth, execs_per_sec
1629106928, 0, 0, 1, 1, 1, 2.26%, 0, 0, 1, 15.36
1629106933, 0, 0, 55, 55, 1, 2.50%, 10, 0, 2, 276.50
1629106938, 0, 0, 81, 81, 1, 2.53%, 10, 0, 2, 274.79
1629106943, 0, 0, 96, 96, 1, 2.57%, 10, 0, 2, 285.17
1629106948, 0, 0, 103, 103, 1, 2.59%, 10, 0, 2, 293.13
1629106958, 0, 0, 105, 105, 1, 2.59%, 10, 0, 2, 234.94
1629106964, 0, 0, 108, 108, 1, 2.62%, 12, 0, 2, 256.11
1629106969, 0, 0, 112, 112, 1, 2.62%, 12, 0, 2, 167.60
1629106974, 0, 0, 116, 116, 1, 2.65%, 12, 0, 2, 104.08
1629106979, 0, 0, 117, 117, 1, 2.67%, 12, 0, 2, 91.94
1629107066, 0, 0, 118, 118, 1, 2.67%, 12, 0, 2, 52.92
1629107071, 0, 0, 119, 119, 1, 2.70%, 12, 0, 2, 51.47
1629107157, 0, 0, 122, 122, 1, 2.70%, 12, 0, 2, 53.13
1629107188, 0, 0, 123, 123, 1, 2.70%, 12, 0, 2, 55.35
1629107193, 0, 0, 124, 124, 1, 2.70%, 12, 0, 2, 51.21
1629107224, 0, 0, 125, 125, 1, 2.70%, 12, 0, 2, 52.39
1629107234, 0, 0, 126, 126, 1, 2.71%, 12, 0, 2, 67.32
1629107249, 0, 0, 127, 127, 1, 2.71%, 14, 0, 2, 70.20
1629107254, 0, 0, 128, 128, 1, 2.71%, 14, 0, 2, 60.07
1629107280, 0, 0, 129, 129, 1, 2.72%, 14, 0, 2, 92.44
1629107402, 0, 0, 130, 130, 1, 2.72%, 14, 0, 2, 114.81
1629107589, 0, 0, 130, 130, 1, 2.72%, 15, 0, 2, 152.51
1629107595, 0, 0, 130, 130, 1, 2.72%, 16, 0, 2, 155.35
1629107610, 0, 0, 135, 135, 1, 2.72%, 16, 0, 2, 80.83
1629107615, 0, 0, 138, 138, 1, 2.72%, 16, 0, 2, 70.44
1629107620, 0, 0, 141, 141, 1, 2.73%, 16, 0, 2, 67.72
1629107627, 0, 0, 148, 148, 1, 2.73%, 16, 0, 2, 0.54
1629107632, 0, 0, 151, 151, 1, 2.73%, 16, 0, 2, 59.49
1629107637, 0, 0, 154, 154, 1, 2.73%, 16, 0, 2, 58.27
1629107642, 0, 0, 157, 157, 1, 2.73%, 16, 0, 2, 59.22
1629107672, 0, 0, 158, 158, 1, 2.73%, 16, 0, 2, 66.15
1629107678, 0, 0, 159, 159, 1, 2.73%, 16, 0, 2, 62.94
1629107764, 0, 0, 160, 160, 1, 2.73%, 16, 0, 2, 50.01
1629107866, 0, 0, 161, 161, 1, 2.73%, 16, 0, 2, 49.78
1629107973, 0, 0, 162, 162, 1, 2.73%, 16, 0, 2, 52.33
1629107994, 0, 0, 163, 163, 1, 2.73%, 16, 0, 2, 55.49
1629107999, 0, 0, 165, 165, 1, 2.74%, 16, 0, 2, 57.88
1629108075, 0, 0, 166, 166, 1, 2.74%, 16, 0, 2, 49.60
1629108106, 0, 0, 167, 167, 1, 2.78%, 16, 0, 2, 51.48
1629108111, 0, 0, 168, 168, 1, 2.78%, 16, 0, 2, 57.73
1629108116, 0, 0, 169, 169, 1, 2.78%, 16, 0, 2, 59.18
1629108235, 0, 0, 172, 172, 1, 2.80%, 16, 0, 2, 60.89
1629108271, 0, 0, 173, 173, 1, 2.80%, 16, 0, 2, 58.02
1629108276, 0, 0, 175, 175, 1, 2.80%, 16, 0, 2, 53.65
1629108281, 0, 0, 176, 176, 1, 2.80%, 16, 0, 2, 52.20
1629108286, 0, 0, 177, 177, 1, 2.80%, 16, 0, 2, 50.22
1629108307, 0, 0, 178, 178, 1, 2.80%, 16, 0, 2, 51.74
1629108485, 0, 0, 182, 182, 1, 2.82%, 16, 0, 2, 67.51
1629108490, 0, 0, 183, 183, 1, 2.82%, 16, 0, 2, 54.55
1629108510, 0, 0, 183, 183, 1, 2.82%, 17, 0, 2, 162.99
1629108515, 0, 0, 192, 192, 1, 2.85%, 17, 0, 2, 93.26
1629108520, 0, 0, 201, 201, 1, 3.19%, 17, 0, 2, 66.61
1629108525, 0, 0, 207, 207, 1, 3.22%, 17, 0, 2, 65.16
1629108530, 0, 0, 215, 215, 1, 3.23%, 17, 0, 2, 76.05
1629108535, 0, 0, 217, 217, 1, 3.23%, 17, 0, 2, 60.66
1629108607, 0, 0, 221, 221, 1, 3.23%, 17, 0, 2, 85.10
1629108612, 0, 0, 224, 224, 1, 3.23%, 17, 0, 2, 67.35
1629108708, 0, 0, 225, 225, 1, 3.23%, 17, 0, 2, 57.24
1629108845, 0, 0, 226, 226, 1, 3.23%, 17, 0, 2, 62.12
1629108850, 0, 0, 233, 233, 1, 3.23%, 17, 0, 2, 54.86
1629108855, 0, 0, 241, 241, 1, 3.23%, 17, 0, 2, 53.13
1629108860, 0, 0, 248, 248, 1, 3.24%, 17, 0, 2, 54.03
1629108865, 0, 0, 251, 251, 1, 3.24%, 17, 0, 2, 56.96
1629108870, 0, 0, 252, 252, 1, 3.24%, 17, 0, 2, 54.13
1629111705, 0, 0, 253, 253, 1, 3.24%, 17, 0, 2, 50.99
1629111715, 0, 0, 254, 254, 1, 3.24%, 17, 0, 2, 49.83
1629111721, 0, 0, 256, 256, 1, 3.24%, 17, 0, 2, 49.42
1629111940, 0, 0, 257, 257, 1, 3.24%, 17, 0, 2, 53.64
1629112854, 0, 0, 258, 258, 1, 3.24%, 17, 0, 2, 65.36
1629113211, 0, 0, 268, 268, 1, 3.24%, 18, 0, 2, 87.25
1629113216, 0, 0, 273, 273, 1, 3.24%, 19, 0, 2, 95.83
1629113221, 0, 0, 275, 275, 1, 3.25%, 19, 0, 2, 97.32
1629113226, 0, 0, 276, 276, 1, 3.25%, 19, 0, 2, 100.35
1629113231, 0, 0, 277, 277, 1, 3.25%, 19, 0, 2, 98.47
1629113241, 0, 0, 280, 280, 1, 3.25%, 19, 0, 2, 98.53
1629113247, 0, 0, 282, 282, 1, 3.25%, 19, 0, 2, 94.90
1629113257, 0, 0, 283, 283, 1, 3.25%, 19, 0, 2, 97.72
1629113267, 0, 0, 284, 284, 1, 3.25%, 19, 0, 2, 93.92
1629113272, 0, 0, 287, 287, 1, 3.25%, 19, 0, 2, 91.82
1629113277, 0, 0, 290, 290, 1, 3.25%, 19, 0, 2, 94.57
1629113282, 0, 0, 291, 291, 1, 3.25%, 19, 0, 2, 97.75
1629113287, 0, 0, 292, 292, 1, 3.25%, 19, 0, 2, 95.70
1629113308, 0, 0, 293, 293, 1, 3.25%, 20, 0, 2, 96.97
1629113318, 0, 0, 294, 294, 1, 3.25%, 20, 0, 2, 99.19
1629113323, 0, 0, 295, 295, 1, 3.26%, 20, 0, 2, 96.92
1629113328, 0, 0, 296, 296, 1, 3.26%, 20, 0, 2, 94.31
1629113338, 0, 0, 297, 297, 1, 3.26%, 20, 0, 2, 93.78
1629113348, 0, 0, 299, 299, 1, 3.26%, 20, 0, 2, 96.69
1629113353, 0, 0, 300, 300, 1, 3.26%, 20, 0, 2, 94.86
1629113379, 0, 0, 301, 301, 1, 3.26%, 20, 0, 2, 92.71
1629113384, 0, 1, 301, 300, 76, 3.26%, 20, 0, 2, 78.29
1629113389, 0, 1, 302, 301, 76, 3.26%, 20, 0, 3, 58.64
1629113979, 0, 1, 304, 303, 76, 3.27%, 20, 0, 3, 58.79
1629113984, 0, 1, 305, 304, 76, 3.27%, 20, 0, 3, 59.81
1629113989, 0, 1, 306, 305, 76, 3.27%, 20, 0, 3, 57.41
1629113999, 0, 1, 307, 306, 76, 3.27%, 20, 0, 3, 58.15
1629114025, 0, 1, 308, 307, 76, 3.27%, 20, 0, 3, 65.47
1629114674, 0, 1, 310, 309, 76, 3.28%, 20, 0, 3, 78.63
1629114690, 0, 1, 311, 310, 76, 3.28%, 20, 0, 3, 67.93
1629114695, 0, 1, 312, 311, 76, 3.29%, 20, 0, 3, 109.02
1629119216, 0, 2, 312, 310, 80, 3.29%, 20, 0, 3, 79.73
1629119236, 0, 2, 313, 311, 80, 3.29%, 20, 0, 3, 54.56
1629119241, 0, 2, 314, 312, 80, 3.29%, 20, 0, 3, 53.23
1629119256, 0, 2, 315, 313, 80, 3.29%, 20, 0, 3, 72.98
1629119343, 0, 2, 316, 314, 80, 3.29%, 20, 0, 3, 57.98
1629119806, 0, 2, 317, 315, 80, 3.29%, 20, 0, 3, 61.69
1629119817, 0, 2, 318, 316, 80, 3.29%, 20, 0, 3, 59.23
1629119898, 0, 2, 319, 317, 80, 3.29%, 20, 0, 3, 55.29
1629120056, 0, 2, 320, 318, 80, 3.29%, 20, 0, 3, 55.34
1629120234, 0, 2, 321, 319, 80, 3.29%, 20, 0, 3, 60.46
1629120447, 0, 2, 322, 320, 80, 3.29%, 20, 0, 3, 67.20
1629120560, 0, 2, 322, 320, 80, 3.29%, 21, 0, 3, 64.47
1629124881, 0, 2, 323, 321, 80, 3.29%, 21, 0, 3, 86.41
1629124887, 0, 2, 324, 322, 80, 3.29%, 21, 0, 3, 95.00
1629124892, 0, 2, 325, 323, 80, 3.29%, 21, 0, 3, 93.86
1629124922, 0, 2, 327, 325, 80, 3.29%, 21, 0, 3, 98.92
1629124958, 0, 2, 328, 326, 80, 3.29%, 21, 0, 3, 95.90
1629124978, 0, 2, 329, 327, 80, 3.29%, 21, 0, 3, 95.84
1629124983, 0, 2, 330, 328, 80, 3.29%, 21, 0, 3, 97.43
1629124993, 0, 2, 330, 328, 80, 3.29%, 22, 0, 3, 101.13
1629125019, 0, 2, 331, 329, 80, 3.29%, 22, 0, 3, 98.39
1629125049, 0, 3, 331, 328, 78, 3.29%, 22, 0, 3, 83.44
1629130975, 0, 4, 331, 327, 77, 3.29%, 22, 0, 3, 95.21
1629130980, 0, 4, 332, 328, 77, 3.29%, 23, 0, 3, 74.92
1629131006, 0, 4, 333, 329, 77, 3.30%, 23, 0, 3, 52.26
1629131240, 0, 4, 334, 330, 77, 3.30%, 23, 0, 3, 54.40
1629131626, 0, 4, 335, 331, 77, 3.30%, 23, 0, 3, 61.46
1629132284, 0, 4, 336, 332, 77, 3.30%, 23, 0, 3, 77.54
1629136872, 0, 4, 337, 333, 77, 3.30%, 23, 0, 3, 76.62
1629136877, 0, 4, 338, 334, 77, 3.30%, 23, 0, 3, 87.63
1629136919, 0, 7, 338, 333, 78, 3.30%, 23, 0, 3, 75.02
1629137184, 0, 7, 339, 334, 78, 3.30%, 23, 0, 3, 55.36
1629137811, 0, 7, 339, 334, 78, 3.30%, 24, 0, 3, 3.29
1629137897, 0, 7, 339, 334, 78, 3.30%, 25, 0, 3, 51.33
1629137999, 0, 7, 340, 335, 78, 3.30%, 25, 0, 3, 51.45
1629141610, 0, 7, 341, 336, 78, 3.30%, 25, 0, 3, 55.21
1629142863, 0, 8, 341, 335, 77, 3.30%, 25, 0, 3, 84.18
1629142868, 0, 8, 342, 336, 77, 3.30%, 25, 0, 3, 73.08
1629143362, 0, 8, 343, 337, 77, 3.30%, 25, 0, 3, 64.82
1629143707, 0, 8, 344, 338, 77, 3.30%, 25, 0, 3, 61.92
1629143819, 0, 8, 344, 338, 77, 3.30%, 26, 0, 3, 89.87
1629143895, 0, 8, 345, 339, 77, 3.30%, 26, 0, 3, 96.71
1629147340, 0, 30, 345, 338, 77, 3.30%, 26, 0, 3, 92.08
1629147818, 0, 30, 346, 339, 77, 3.30%, 26, 0, 3, 60.60
1629148301, 0, 30, 346, 339, 77, 3.30%, 27, 0, 3, 94.05
1629148560, 0, 30, 347, 340, 77, 3.30%, 27, 0, 3, 58.68
1629148565, 0, 30, 348, 341, 77, 3.30%, 27, 0, 3, 60.29
1629151836, 0, 33, 348, 340, 76, 3.30%, 27, 0, 3, 84.91
1629152303, 0, 33, 349, 341, 76, 3.30%, 27, 0, 3, 59.47
1629152792, 0, 33, 349, 341, 76, 3.30%, 28, 0, 3, 86.92
1629153061, 0, 33, 350, 342, 76, 3.30%, 28, 0, 3, 58.53
1629156347, 0, 39, 350, 341, 75, 3.30%, 28, 0, 3, 91.23
1629156362, 0, 39, 351, 342, 75, 3.30%, 28, 0, 3, 82.44
1629156560, 0, 39, 352, 343, 75, 3.30%, 28, 0, 3, 58.19
1629156814, 0, 39, 352, 343, 75, 3.30%, 29, 0, 3, 93.78
1629158616, 0, 48, 352, 342, 74, 3.30%, 29, 0, 3, 102.12
1629158743, 0, 48, 353, 343, 74, 3.30%, 29, 0, 3, 79.99
1629158921, 0, 48, 354, 344, 74, 3.30%, 29, 0, 3, 68.06
1629159164, 0, 48, 355, 345, 74, 3.30%, 29, 0, 3, 96.49
1629159169, 0, 48, 355, 345, 74, 3.30%, 30, 0, 3, 90.57
1629160970, 0, 48, 356, 346, 74, 3.30%, 30, 0, 3, 117.44
1629160991, 0, 55, 356, 345, 74, 3.30%, 30, 0, 3, 107.74
1629161448, 0, 55, 357, 346, 74, 3.30%, 30, 0, 3, 98.64
1629161453, 0, 55, 357, 346, 74, 3.30%, 31, 0, 3, 90.57
1629163278, 0, 60, 357, 345, 73, 3.30%, 31, 0, 3, 111.64
1629163761, 0, 60, 357, 345, 73, 3.30%, 32, 0, 3, 94.54
1629165652, 0, 62, 357, 344, 72, 3.30%, 32, 0, 3, 94.45
1629166167, 0, 62, 357, 344, 72, 3.30%, 33, 0, 3, 102.79
1629168050, 0, 64, 357, 343, 71, 3.30%, 33, 0, 3, 85.34
1629173940, 0, 67, 357, 342, 70, 3.30%, 33, 0, 3, 81.23
1629174480, 0, 67, 357, 342, 70, 3.30%, 34, 0, 3, 2.53
1629174735, 0, 67, 358, 343, 70, 3.30%, 34, 0, 3, 58.48
1629179946, 0, 71, 359, 343, 69, 3.30%, 34, 0, 3, 89.02
1629180018, 0, 71, 360, 344, 69, 3.30%, 34, 0, 3, 49.81
1629180023, 0, 71, 361, 345, 69, 3.31%, 34, 0, 3, 49.95
1629180309, 0, 71, 362, 346, 69, 3.31%, 34, 0, 3, 55.67
1629181101, 0, 71, 363, 347, 69, 3.31%, 34, 0, 3, 48.11
1629184669, 0, 71, 364, 348, 69, 3.31%, 34, 0, 3, 47.33
1629184782, 0, 71, 366, 350, 69, 3.31%, 34, 0, 3, 46.80
1629184802, 0, 71, 367, 351, 69, 3.31%, 34, 0, 3, 49.48
1629186222, 0, 71, 368, 352, 69, 3.31%, 34, 0, 3, 90.34
1629186233, 0, 71, 369, 353, 69, 3.31%, 34, 0, 3, 90.14
1629186238, 0, 71, 371, 355, 69, 3.31%, 34, 0, 3, 95.27
1629186248, 0, 71, 372, 356, 69, 3.31%, 34, 0, 3, 90.75
1629186283, 0, 71, 373, 357, 69, 3.31%, 34, 0, 3, 88.05
1629186339, 0, 71, 374, 358, 69, 3.31%, 34, 0, 3, 94.12
1629186380, 0, 71, 375, 359, 69, 3.31%, 34, 0, 3, 94.63
1629186385, 0, 71, 376, 360, 69, 3.31%, 34, 0, 3, 91.65
1629186390, 0, 82, 376, 359, 70, 3.31%, 34, 0, 3, 85.30
1629186431, 0, 82, 377, 360, 70, 3.31%, 34, 0, 3, 59.95
1629187705, 0, 82, 378, 361, 70, 3.31%, 34, 0, 3, 97.38
1629187710, 0, 82, 379, 362, 70, 3.31%, 34, 0, 3, 71.89
1629187720, 0, 82, 380, 363, 70, 3.31%, 34, 0, 3, 63.88
1629192426, 0, 83, 380, 362, 69, 3.31%, 34, 0, 3, 80.80
1629193334, 0, 83, 380, 362, 69, 3.31%, 35, 0, 3, 1.51
1629198379, 0, 86, 380, 361, 68, 3.31%, 35, 0, 3, 82.29
1629198883, 0, 86, 381, 362, 68, 3.31%, 35, 0, 3, 56.68
1629199392, 0, 86, 381, 362, 68, 3.31%, 36, 0, 3, 94.03
1629199600, 0, 86, 382, 363, 68, 3.31%, 36, 0, 3, 55.78
1629203085, 0, 86, 383, 364, 68, 3.31%, 36, 0, 3, 89.84
1629203116, 0, 89, 383, 363, 67, 3.31%, 36, 0, 3, 87.51
1629203275, 0, 89, 384, 364, 67, 3.31%, 36, 0, 3, 55.51
1629204660, 0, 89, 389, 369, 67, 3.31%, 36, 0, 3, 54.75
1629204665, 0, 89, 391, 371, 67, 3.31%, 36, 0, 3, 54.04
1629204802, 0, 89, 392, 372, 67, 3.31%, 36, 0, 3, 50.58
1629204853, 0, 89, 393, 373, 67, 3.31%, 36, 0, 3, 64.74
1629208628, 0, 89, 393, 373, 67, 3.31%, 37, 0, 3, 39.89
1629209345, 0, 92, 393, 372, 66, 3.31%, 37, 0, 3, 77.71
1629215589, 0, 92, 394, 373, 66, 3.31%, 37, 0, 3, 81.88
1629215599, 0, 92, 395, 374, 66, 3.31%, 37, 0, 3, 94.56
1629215630, 0, 93, 395, 373, 65, 3.31%, 37, 0, 3, 75.83
1629215742, 0, 93, 396, 374, 65, 3.31%, 37, 0, 3, 50.23
1629215793, 0, 93, 397, 375, 65, 3.31%, 37, 0, 3, 58.11
1629215813, 0, 93, 398, 376, 65, 3.31%, 37, 0, 3, 52.81
1629218891, 0, 93, 399, 377, 65, 3.31%, 37, 0, 3, 48.45
1629221855, 0, 93, 400, 378, 65, 3.31%, 37, 0, 3, 82.61
1629221875, 0, 95, 400, 377, 64, 3.31%, 37, 0, 3, 70.45
1629226356, 0, 95, 401, 378, 64, 3.31%, 37, 0, 3, 55.32
1629228121, 0, 96, 401, 377, 63, 3.31%, 37, 0, 3, 76.06
1629228270, 0, 96, 402, 378, 63, 3.31%, 37, 0, 3, 121.57
1629229228, 0, 96, 403, 379, 63, 3.31%, 37, 0, 3, 50.13
1629232773, 0, 96, 404, 380, 63, 3.32%, 37, 0, 3, 49.50
1629234344, 0, 97, 404, 379, 63, 3.32%, 37, 0, 3, 70.09
1629240620, 0, 100, 404, 378, 62, 3.32%, 37, 0, 3, 83.58
1629240742, 0, 100, 405, 379, 62, 3.32%, 37, 0, 3, 63.78
1629241616, 0, 100, 405, 379, 62, 3.32%, 38, 0, 3, 84.12
1629245318, 0, 106, 405, 378, 61, 3.32%, 38, 0, 3, 73.71
1629251000, 0, 106, 405, 378, 61, 3.32%, 39, 0, 3, 48.96
1629251295, 0, 107, 405, 377, 60, 3.32%, 39, 0, 3, 80.20
1629252637, 0, 107, 406, 378, 60, 3.32%, 39, 0, 3, 110.06
1629252653, 0, 107, 410, 382, 60, 3.33%, 39, 0, 3, 63.81
1629252658, 0, 107, 412, 384, 60, 3.33%, 39, 0, 3, 67.54
1629257449, 0, 107, 413, 385, 60, 3.33%, 39, 0, 3, 85.66
1629257459, 0, 108, 413, 384, 60, 3.33%, 39, 0, 3, 82.52
1629257580, 0, 108, 415, 386, 60, 3.33%, 39, 0, 3, 60.63
1629258460, 0, 108, 415, 386, 60, 3.33%, 40, 0, 3, 80.99
1629258536, 0, 108, 416, 387, 60, 3.34%, 40, 0, 3, 106.01
1629258541, 0, 108, 419, 390, 60, 3.36%, 40, 0, 3, 72.17
1629258546, 0, 108, 420, 391, 60, 3.37%, 40, 0, 3, 64.17
