# unix_time, cycles_done, cur_path, paths_total, pending_total, pending_favs, map_size, unique_crashes, unique_hangs, max_depth, execs_per_sec
1650726670, 0, 0, 1, 1, 1, 0.11%, 0, 0, 1, 19.80
1650726675, 0, 0, 11, 11, 1, 0.23%, 1, 0, 2, 258.08
1650726680, 0, 0, 15, 15, 1, 0.24%, 1, 0, 2, 269.52
1650726685, 0, 0, 19, 19, 1, 0.24%, 1, 0, 2, 258.07
1650726690, 0, 0, 21, 21, 1, 0.24%, 1, 0, 2, 272.21
1650726695, 0, 0, 23, 23, 1, 0.24%, 1, 0, 2, 257.15
1650726700, 0, 0, 27, 27, 1, 0.24%, 1, 0, 2, 269.44
1650726725, 0, 0, 34, 34, 1, 0.26%, 1, 0, 2, 313.34
1650726730, 0, 0, 36, 36, 1, 0.26%, 1, 0, 2, 317.45
1650726797, 0, 0, 38, 38, 1, 0.26%, 1, 0, 2, 207.73
1650726807, 0, 0, 39, 39, 1, 0.26%, 1, 0, 2, 206.13
1650726822, 0, 0, 41, 41, 1, 0.27%, 1, 0, 2, 226.08
1650726832, 0, 0, 43, 43, 1, 0.27%, 1, 0, 2, 237.34
1650726934, 0, 0, 44, 44, 1, 0.30%, 1, 0, 2, 240.49
1650726939, 0, 0, 47, 47, 1, 0.31%, 1, 0, 2, 213.21
1650727010, 0, 0, 48, 48, 1, 0.32%, 1, 0, 2, 229.94
1650727025, 0, 0, 49, 49, 1, 0.32%, 1, 0, 2, 203.37
1650727253, 0, 0, 50, 50, 1, 0.32%, 1, 0, 2, 227.28
1650728039, 0, 0, 52, 52, 1, 0.32%, 1, 0, 2, 277.70
1650728049, 0, 0, 53, 53, 1, 0.32%, 1, 0, 2, 256.16
1650728054, 0, 0, 56, 56, 1, 0.32%, 1, 0, 2, 249.05
1650728064, 0, 0, 57, 57, 1, 0.32%, 1, 0, 2, 262.15
1650728085, 0, 0, 58, 58, 1, 0.32%, 1, 0, 2, 273.45
1650728125, 0, 0, 59, 59, 1, 0.32%, 1, 0, 2, 281.28
1650728156, 0, 5, 59, 58, 18, 0.32%, 1, 0, 2, 252.41
1650729409, 0, 6, 59, 57, 17, 0.32%, 1, 0, 2, 222.21
1650730809, 0, 9, 59, 56, 16, 0.32%, 1, 0, 2, 247.17
1650732213, 0, 11, 59, 55, 15, 0.32%, 1, 0, 2, 228.50
1650732269, 0, 11, 60, 56, 15, 0.34%, 1, 0, 3, 171.90
1650732386, 0, 12, 60, 55, 15, 0.34%, 1, 0, 3, 242.91
1650733586, 0, 12, 61, 56, 15, 0.34%, 1, 0, 3, 203.16
1650733637, 0, 15, 61, 55, 15, 0.34%, 1, 0, 3, 263.46
1650733825, 0, 16, 61, 54, 14, 0.34%, 1, 0, 3, 289.10
1650735084, 0, 16, 62, 55, 14, 0.34%, 1, 0, 3, 251.04
1650735089, 0, 24, 62, 54, 13, 0.34%, 1, 0, 3, 253.93
1650736337, 0, 28, 62, 53, 12, 0.34%, 1, 0, 3, 274.78
1650737902, 0, 29, 62, 52, 11, 0.34%, 1, 0, 3, 199.30
1650738816, 0, 31, 62, 51, 10, 0.34%, 1, 0, 3, 258.19
1650739324, 0, 35, 62, 50, 9, 0.34%, 1, 0, 3, 281.57
1650739390, 0, 35, 63, 51, 9, 0.35%, 1, 0, 3, 252.34
1650740563, 0, 38, 63, 50, 9, 0.35%, 1, 0, 3, 181.09
1650742686, 0, 40, 63, 49, 8, 0.35%, 1, 0, 3, 240.20
1650742981, 0, 43, 63, 48, 7, 0.35%, 1, 0, 3, 265.03
1650743467, 0, 43, 64, 49, 7, 0.36%, 1, 0, 3, 176.36
1650743482, 0, 43, 70, 55, 7, 0.38%, 1, 0, 3, 174.18
1650743487, 0, 43, 71, 56, 7, 0.38%, 1, 0, 3, 167.63
1650743523, 0, 43, 72, 57, 7, 0.38%, 1, 0, 3, 173.79
1650743528, 0, 43, 73, 58, 7, 0.38%, 1, 0, 3, 176.84
1650744412, 0, 44, 73, 57, 8, 0.38%, 1, 0, 3, 232.51
1650744488, 0, 44, 74, 58, 8, 0.38%, 1, 0, 3, 246.83
1650745673, 0, 45, 74, 57, 8, 0.38%, 1, 0, 3, 267.56
1650746240, 0, 45, 75, 58, 8, 0.38%, 1, 0, 3, 225.69
1650746895, 0, 47, 75, 57, 7, 0.38%, 1, 0, 3, 244.26
1650747068, 0, 47, 76, 58, 7, 0.38%, 1, 0, 3, 135.08
1650748372, 0, 59, 76, 57, 6, 0.38%, 1, 0, 3, 264.50
1650748631, 0, 60, 76, 56, 5, 0.38%, 1, 0, 3, 216.47
1650750012, 0, 60, 77, 57, 5, 0.38%, 1, 0, 4, 209.18
1650750017, 0, 62, 77, 56, 4, 0.38%, 1, 0, 4, 263.67
1650751281, 0, 63, 78, 56, 3, 0.38%, 1, 0, 4, 214.75
1650751301, 0, 63, 79, 57, 3, 0.38%, 1, 0, 4, 214.65
1650751321, 0, 63, 80, 58, 3, 0.38%, 1, 0, 4, 199.21
1650751336, 0, 63, 81, 59, 3, 0.38%, 1, 0, 4, 184.30
1650751377, 0, 63, 84, 62, 3, 0.38%, 1, 0, 4, 191.66
1650751808, 0, 63, 85, 63, 3, 0.38%, 1, 0, 4, 192.89
1650751975, 0, 63, 86, 64, 3, 0.38%, 1, 0, 4, 171.36
1650752904, 0, 73, 86, 63, 6, 0.38%, 1, 0, 4, 231.69
1650753641, 0, 73, 87, 64, 6, 0.38%, 1, 0, 4, 273.80
1650753950, 0, 77, 87, 63, 5, 0.38%, 1, 0, 4, 241.20
1650754634, 0, 77, 88, 64, 5, 0.38%, 1, 0, 5, 205.80
1650755553, 0, 77, 89, 65, 5, 0.38%, 1, 0, 5, 266.39
1650755563, 0, 78, 89, 64, 4, 0.38%, 1, 0, 5, 261.03
1650755583, 0, 78, 91, 66, 4, 0.40%, 1, 0, 5, 200.61
1650756279, 0, 78, 94, 69, 4, 0.41%, 1, 0, 5, 190.42
1650756284, 0, 78, 95, 70, 4, 0.41%, 1, 0, 5, 194.56
1650756299, 0, 78, 96, 71, 4, 0.41%, 1, 0, 5, 197.18
1650757198, 0, 78, 97, 72, 4, 0.41%, 1, 0, 5, 245.62
1650757208, 0, 79, 97, 71, 6, 0.41%, 1, 0, 5, 265.94
1650758832, 0, 81, 97, 70, 5, 0.41%, 1, 0, 5, 253.24
1650758852, 0, 81, 100, 73, 5, 0.41%, 1, 0, 5, 218.74
1650759557, 0, 81, 101, 74, 5, 0.41%, 1, 0, 5, 188.11
1650759562, 0, 81, 102, 75, 5, 0.41%, 1, 0, 5, 185.37
1650759582, 0, 81, 103, 76, 5, 0.41%, 1, 0, 5, 174.08
1650760450, 0, 81, 104, 77, 5, 0.41%, 1, 0, 5, 234.92
1650760465, 0, 84, 104, 76, 6, 0.41%, 1, 0, 5, 219.20
1650762210, 0, 89, 104, 75, 5, 0.41%, 1, 0, 5, 230.37
1650762900, 0, 89, 105, 76, 5, 0.41%, 1, 0, 6, 186.38
1650763829, 0, 89, 106, 77, 5, 0.41%, 1, 0, 6, 254.17
1650763844, 0, 92, 106, 76, 6, 0.41%, 1, 0, 6, 205.60
1650763854, 0, 92, 107, 77, 6, 0.41%, 1, 0, 6, 223.32
1650764828, 0, 92, 108, 78, 6, 0.41%, 1, 0, 6, 183.97
1650765898, 0, 97, 108, 77, 7, 0.41%, 1, 0, 6, 209.13
1650767513, 0, 97, 109, 78, 7, 0.41%, 1, 0, 6, 239.41
1650767528, 0, 98, 109, 77, 7, 0.41%, 1, 0, 6, 201.13
1650769157, 0, 99, 109, 76, 6, 0.41%, 1, 0, 6, 225.79
1650770791, 0, 104, 109, 75, 5, 0.41%, 1, 0, 6, 230.21
1650772514, 0, 105, 109, 74, 4, 0.41%, 1, 0, 6, 237.90
1650772636, 0, 105, 110, 75, 4, 0.41%, 1, 0, 7, 205.64
1650774080, 0, 105, 111, 76, 4, 0.41%, 1, 0, 7, 270.44
1650774085, 0, 105, 112, 77, 4, 0.41%, 1, 0, 7, 271.05
1650774105, 0, 106, 112, 76, 3, 0.41%, 1, 0, 7, 246.29
1650775991, 0, 107, 112, 75, 2, 0.41%, 1, 0, 7, 217.64
1650780817, 0, 108, 113, 75, 1, 0.41%, 1, 0, 7, 220.34
1650780843, 0, 108, 114, 76, 1, 0.41%, 1, 0, 7, 192.47
1650783071, 0, 108, 116, 78, 1, 0.41%, 1, 0, 7, 239.07
1650783081, 0, 108, 117, 79, 1, 0.41%, 1, 0, 7, 251.64
1650783091, 0, 108, 118, 80, 1, 0.41%, 1, 0, 7, 256.62
1650783101, 0, 108, 119, 81, 1, 0.41%, 1, 0, 7, 259.63
1650783147, 0, 108, 120, 82, 1, 0.41%, 1, 0, 7, 269.40
1650783187, 0, 111, 120, 81, 1, 0.41%, 1, 0, 7, 238.19
1650783218, 0, 111, 121, 82, 1, 0.41%, 1, 0, 8, 213.99
1650785389, 0, 116, 121, 81, 1, 0.41%, 1, 0, 8, 224.63
1650785414, 0, 116, 122, 82, 1, 0.41%, 1, 0, 8, 194.02
1650787459, 0, 116, 124, 84, 1, 0.41%, 1, 0, 8, 249.59
1650787474, 0, 116, 125, 85, 1, 0.41%, 1, 0, 8, 252.89
1650787489, 0, 116, 126, 86, 1, 0.41%, 1, 0, 8, 249.90
1650787581, 1, 2, 126, 85, 0, 0.41%, 1, 0, 8, 267.98
1650789589, 1, 2, 127, 86, 0, 0.41%, 1, 0, 8, 213.50
1650789599, 1, 6, 127, 85, 0, 0.41%, 1, 0, 8, 253.05
1650789604, 1, 16, 130, 88, 0, 0.41%, 1, 0, 8, 298.95
1650789610, 1, 23, 130, 88, 0, 0.41%, 1, 0, 8, 261.18
1650791025, 1, 24, 131, 88, 0, 0.41%, 1, 0, 8, 262.86
1650791030, 1, 31, 131, 88, 0, 0.41%, 1, 0, 8, 268.32
1650791035, 1, 33, 131, 88, 0, 0.41%, 1, 0, 8, 260.39
1650791609, 1, 38, 131, 87, 0, 0.41%, 1, 0, 8, 302.26
1650791614, 1, 48, 131, 87, 0, 0.41%, 1, 0, 8, 250.50
1650795201, 1, 50, 131, 86, 0, 0.41%, 1, 0, 8, 171.99
1650796332, 1, 54, 131, 85, 0, 0.41%, 1, 0, 8, 244.47
1650797959, 1, 54, 132, 86, 0, 0.41%, 1, 0, 8, 241.66
1650797964, 1, 54, 133, 87, 0, 0.41%, 1, 0, 8, 285.77
1650797974, 1, 79, 134, 87, 1, 0.41%, 1, 0, 8, 311.32
1650797979, 1, 131, 134, 87, 1, 0.41%, 1, 0, 8, 255.55
1650801253, 1, 133, 134, 86, 0, 0.41%, 1, 0, 8, 196.82
1650803966, 1, 133, 135, 87, 0, 0.42%, 1, 0, 8, 258.12
1650803971, 1, 133, 137, 89, 0, 0.42%, 1, 0, 8, 331.78
1650804017, 1, 134, 137, 88, 1, 0.42%, 1, 0, 8, 274.96
1650804028, 1, 134, 138, 89, 1, 0.42%, 1, 0, 8, 254.18
1650806761, 1, 137, 138, 88, 1, 0.42%, 1, 0, 8, 204.87
1650806766, 1, 137, 139, 89, 1, 0.43%, 1, 0, 8, 212.45
1650809930, 1, 137, 140, 90, 1, 0.43%, 1, 0, 8, 320.15
1650809946, 1, 138, 140, 89, 1, 0.43%, 1, 0, 8, 256.42
1650809996, 1, 138, 141, 90, 1, 0.43%, 1, 0, 9, 204.14
1650810001, 1, 138, 142, 91, 1, 0.43%, 1, 0, 9, 177.53
1650810006, 1, 138, 144, 93, 1, 0.43%, 1, 0, 9, 175.68
1650813410, 1, 138, 145, 94, 1, 0.43%, 1, 0, 9, 152.26
1650813430, 1, 138, 147, 96, 1, 0.43%, 1, 0, 9, 163.66
1650813486, 1, 138, 148, 97, 1, 0.43%, 1, 0, 9, 193.62
1650813496, 1, 138, 149, 98, 1, 0.43%, 1, 0, 9, 218.24
1650813588, 1, 139, 149, 97, 0, 0.43%, 1, 0, 9, 229.70
1650818309, 1, 139, 150, 98, 0, 0.43%, 1, 0, 9, 232.78
1650818329, 1, 139, 151, 99, 0, 0.43%, 1, 0, 9, 253.69
1650818375, 1, 139, 152, 100, 0, 0.43%, 1, 0, 9, 253.23
1650818390, 1, 142, 152, 99, 0, 0.43%, 1, 0, 9, 204.57
1650821908, 1, 144, 152, 98, 0, 0.43%, 1, 0, 9, 267.60
1650825479, 1, 146, 152, 97, 0, 0.43%, 1, 0, 9, 207.03
1650829901, 1, 151, 152, 96, 0, 0.43%, 1, 0, 9, 236.41
1650836994, 1, 151, 153, 97, 0, 0.43%, 1, 0, 10, 186.75
1650837009, 1, 151, 154, 98, 0, 0.43%, 1, 0, 10, 210.72
1650837035, 1, 151, 155, 99, 0, 0.43%, 1, 0, 10, 211.37
1650837091, 1, 151, 156, 100, 0, 0.43%, 1, 0, 10, 214.79
1650837112, 1, 152, 156, 99, 0, 0.43%, 1, 0, 10, 181.05
1650841522, 1, 152, 158, 101, 0, 0.43%, 1, 0, 11, 215.38
1650841558, 1, 152, 159, 102, 0, 0.43%, 1, 0, 11, 209.64
1650841584, 1, 152, 160, 103, 0, 0.43%, 1, 0, 11, 215.25
1650841604, 2, 3, 160, 102, 0, 0.43%, 1, 0, 11, 212.47
1650842554, 2, 6, 160, 101, 0, 0.43%, 1, 0, 11, 300.24
1650842559, 2, 19, 160, 101, 0, 0.43%, 1, 0, 11, 265.75
1650843148, 2, 26, 160, 100, 0, 0.43%, 1, 0, 11, 241.12
1650844492, 2, 27, 160, 99, 0, 0.43%, 1, 0, 11, 206.80
1650846154, 2, 38, 160, 98, 0, 0.43%, 1, 0, 11, 277.00
1650846159, 2, 52, 161, 99, 0, 0.43%, 1, 0, 11, 270.78
1650847276, 2, 61, 162, 99, 0, 0.43%, 1, 0, 11, 280.14
1650848813, 2, 61, 163, 100, 0, 0.43%, 1, 0, 11, 219.01
1650848828, 2, 61, 164, 101, 0, 0.43%, 1, 0, 11, 239.06
1650848833, 2, 62, 164, 100, 0, 0.43%, 1, 0, 11, 282.00
1650848838, 2, 69, 164, 100, 0, 0.43%, 1, 0, 11, 222.24
1650851328, 2, 71, 164, 99, 0, 0.43%, 1, 0, 11, 208.85
1650853295, 2, 71, 165, 100, 0, 0.43%, 1, 0, 11, 211.39
1650853305, 2, 75, 165, 99, 0, 0.43%, 1, 0, 11, 214.04
1650855135, 2, 75, 166, 100, 0, 0.43%, 1, 0, 11, 196.32
1650855155, 2, 121, 166, 99, 1, 0.43%, 1, 0, 11, 237.52
1650855160, 2, 121, 167, 100, 1, 0.43%, 1, 0, 11, 220.00
1650857138, 2, 121, 171, 104, 1, 0.43%, 1, 0, 11, 257.40
1650857143, 2, 121, 172, 105, 1, 0.43%, 1, 0, 11, 268.73
1650857169, 2, 121, 173, 106, 1, 0.43%, 1, 0, 11, 263.97
1650857174, 2, 121, 174, 107, 1, 0.43%, 1, 0, 11, 266.52
1650857220, 2, 121, 175, 108, 1, 0.43%, 1, 0, 11, 292.76
1650857225, 2, 136, 175, 107, 1, 0.43%, 1, 0, 11, 245.36
1650862127, 2, 136, 176, 108, 1, 0.43%, 1, 0, 11, 226.42
1650862137, 2, 136, 178, 110, 1, 0.43%, 1, 0, 11, 265.44
1650862213, 2, 136, 179, 111, 1, 0.43%, 1, 0, 11, 268.23
1650862254, 2, 165, 179, 110, 1, 0.43%, 1, 0, 11, 228.33
1650862264, 2, 165, 180, 111, 1, 0.44%, 1, 0, 11, 206.79
1650862274, 2, 165, 181, 112, 1, 0.44%, 1, 0, 11, 192.36
1650862280, 2, 165, 183, 114, 1, 0.44%, 1, 0, 11, 190.62
1650862285, 2, 165, 184, 115, 1, 0.44%, 1, 0, 11, 170.81
1650863844, 2, 165, 186, 117, 1, 0.44%, 1, 0, 11, 174.29
1650863869, 2, 165, 188, 119, 1, 0.44%, 1, 0, 11, 187.27
1650863874, 2, 165, 189, 120, 1, 0.44%, 1, 0, 11, 182.10
1650863899, 2, 180, 189, 119, 2, 0.44%, 1, 0, 11, 239.58
1650865354, 2, 188, 189, 118, 1, 0.44%, 1, 0, 11, 260.06
1650866014, 3, 1, 189, 117, 0, 0.44%, 1, 0, 11, 298.45
1650866187, 3, 8, 189, 116, 0, 0.44%, 1, 0, 11, 258.97
1650867634, 3, 13, 189, 115, 0, 0.44%, 1, 0, 11, 242.94
1650868973, 3, 18, 189, 114, 0, 0.44%, 1, 0, 11, 256.35
1650869492, 3, 19, 189, 113, 0, 0.44%, 1, 0, 11, 281.08
1650869497, 3, 22, 189, 113, 0, 0.44%, 1, 0, 11, 221.34
1650870650, 3, 34, 189, 112, 0, 0.44%, 1, 0, 11, 312.67
1650872063, 3, 36, 189, 111, 0, 0.44%, 1, 0, 11, 202.77
1650874592, 3, 37, 189, 110, 0, 0.44%, 1, 0, 11, 203.97
1650876682, 3, 41, 189, 109, 0, 0.44%, 1, 0, 11, 233.14
1650878408, 3, 42, 189, 108, 0, 0.44%, 1, 0, 11, 247.88
1650879891, 3, 55, 189, 107, 0, 0.44%, 1, 0, 11, 282.37
1650880988, 3, 55, 190, 108, 0, 0.44%, 1, 0, 11, 268.57
1650880993, 3, 55, 191, 109, 0, 0.44%, 1, 0, 11, 295.62
1650881003, 3, 56, 191, 108, 0, 0.44%, 1, 0, 11, 201.43
1650882237, 3, 59, 191, 107, 0, 0.44%, 1, 0, 11, 236.65
1650882242, 3, 70, 191, 107, 0, 0.44%, 1, 0, 11, 220.47
1650883870, 3, 76, 192, 107, 0, 0.44%, 1, 0, 11, 270.15
1650885298, 3, 80, 192, 106, 0, 0.44%, 1, 0, 11, 239.24
1650886931, 3, 84, 192, 105, 0, 0.44%, 1, 0, 11, 294.36
1650886937, 3, 87, 192, 105, 0, 0.44%, 1, 0, 11, 214.33
1650891159, 3, 87, 193, 106, 0, 0.44%, 1, 0, 11, 226.05
1650891174, 3, 96, 193, 105, 0, 0.44%, 1, 0, 11, 218.19
1650892725, 3, 104, 193, 104, 0, 0.44%, 1, 0, 11, 265.53
1650892730, 3, 106, 194, 105, 0, 0.44%, 1, 0, 11, 272.55
1650892735, 3, 108, 194, 105, 0, 0.44%, 1, 0, 11, 280.23
1650892740, 3, 112, 194, 105, 0, 0.44%, 1, 0, 11, 200.43
1650894978, 3, 112, 195, 106, 0, 0.45%, 1, 0, 11, 195.54
1650895008, 3, 114, 195, 105, 1, 0.45%, 1, 0, 11, 207.97
