# unix_time, cycles_done, cur_path, paths_total, pending_total, pending_favs, map_size, unique_crashes, unique_hangs, max_depth, execs_per_sec
1650986070, 0, 0, 1, 1, 1, 0.81%, 0, 0, 1, 1.19
1650986080, 0, 0, 4, 4, 1, 0.84%, 0, 0, 2, 106.49
1650986090, 0, 0, 5, 5, 1, 0.84%, 0, 0, 2, 5.69
1650986147, 0, 0, 7, 7, 1, 0.84%, 0, 0, 2, 5.01
1650986198, 0, 0, 8, 8, 1, 0.84%, 0, 0, 2, 4.74
1650986224, 0, 0, 9, 9, 1, 0.85%, 0, 0, 2, 4.66
1650986286, 0, 0, 10, 10, 1, 0.85%, 0, 0, 2, 5.94
1650986384, 0, 0, 11, 11, 1, 0.85%, 0, 0, 2, 3.74
1650986431, 0, 0, 12, 12, 1, 0.85%, 0, 0, 2, 3.99
1650986493, 0, 0, 13, 13, 1, 0.85%, 0, 0, 2, 3.96
1650986571, 0, 0, 14, 14, 1, 0.85%, 0, 0, 2, 3.77
1650986638, 0, 0, 15, 15, 1, 0.85%, 0, 0, 2, 3.45
1650987163, 0, 0, 16, 16, 1, 0.85%, 0, 0, 2, 3.80
1650987962, 0, 0, 17, 17, 1, 0.86%, 0, 0, 2, 83.37
1650987967, 0, 0, 19, 19, 1, 0.88%, 0, 0, 2, 53.16
1650987973, 0, 0, 24, 24, 1, 0.89%, 0, 0, 2, 45.48
1650987978, 0, 0, 28, 28, 1, 0.89%, 0, 0, 2, 3.08
1650989395, 0, 0, 29, 29, 1, 0.89%, 0, 0, 2, 40.79
1650989400, 0, 0, 31, 31, 1, 0.89%, 0, 0, 2, 34.54
1650989492, 0, 0, 34, 34, 1, 0.89%, 0, 0, 2, 39.41
1650989497, 0, 0, 35, 35, 1, 0.90%, 0, 0, 2, 2.82
1650989516, 0, 0, 36, 36, 1, 0.90%, 0, 0, 2, 4.02
1650989521, 0, 0, 37, 37, 1, 0.90%, 0, 0, 2, 0.62
1650989553, 0, 0, 38, 38, 1, 0.90%, 0, 0, 2, 21.55
1650989560, 0, 0, 40, 40, 1, 0.95%, 0, 0, 2, 0.48
1650989597, 0, 0, 41, 41, 1, 0.95%, 0, 0, 2, 0.52
1650989618, 0, 0, 42, 42, 1, 0.98%, 0, 0, 2, 0.55
1650990431, 0, 0, 43, 43, 1, 0.99%, 0, 0, 2, 0.01
1651024231, 0, 0, 44, 44, 1, 0.99%, 0, 0, 2, 0.00
