# unix_time, cycles_done, cur_path, paths_total, pending_total, pending_favs, map_size, unique_crashes, unique_hangs, max_depth, execs_per_sec
1619601746, 0, 0, 1, 1, 1, 2.10%, 0, 0, 1, 194.17
1619601751, 0, 0, 66, 66, 1, 2.42%, 10, 0, 2, 357.50
1619601756, 0, 0, 93, 93, 1, 2.51%, 10, 0, 2, 311.98
1619601761, 0, 0, 97, 97, 1, 2.52%, 10, 0, 2, 262.42
1619601766, 0, 0, 103, 103, 1, 2.52%, 10, 0, 2, 261.76
1619601776, 0, 0, 108, 108, 1, 2.55%, 12, 0, 2, 351.50
1619601782, 0, 0, 117, 117, 1, 2.61%, 12, 0, 2, 294.17
1619601802, 0, 0, 119, 119, 1, 2.64%, 12, 0, 2, 243.69
1619601822, 0, 0, 122, 122, 1, 2.64%, 12, 0, 2, 249.19
1619601827, 0, 0, 124, 124, 1, 2.64%, 12, 0, 2, 243.82
1619601837, 0, 0, 126, 126, 1, 2.64%, 12, 0, 2, 268.12
1619601842, 0, 0, 128, 128, 1, 2.65%, 14, 0, 2, 278.10
1619601847, 0, 0, 129, 129, 1, 2.65%, 14, 0, 2, 335.47
1619601873, 0, 0, 130, 130, 1, 2.65%, 14, 0, 2, 347.51
1619601913, 0, 0, 130, 130, 1, 2.65%, 16, 0, 2, 446.13
1619601918, 0, 0, 151, 151, 1, 2.67%, 16, 0, 2, 354.52
1619601923, 0, 0, 160, 160, 1, 2.67%, 16, 0, 2, 305.46
1619601928, 0, 0, 162, 162, 1, 2.68%, 16, 0, 2, 322.36
1619601949, 0, 0, 163, 163, 1, 2.68%, 16, 0, 2, 231.34
1619601974, 0, 0, 164, 164, 1, 2.68%, 16, 0, 2, 235.18
1619601994, 0, 0, 165, 165, 1, 2.68%, 16, 0, 2, 239.74
1619601999, 0, 0, 168, 168, 1, 2.68%, 16, 0, 2, 251.34
1619602019, 0, 0, 169, 169, 1, 2.68%, 16, 0, 2, 241.78
1619602025, 0, 0, 172, 172, 1, 2.74%, 16, 0, 2, 263.04
1619602050, 0, 0, 173, 173, 1, 2.76%, 16, 0, 2, 269.25
1619602055, 0, 0, 175, 175, 1, 2.76%, 16, 0, 2, 277.57
1619602060, 0, 0, 178, 178, 1, 2.76%, 16, 0, 2, 245.65
1619602065, 0, 0, 180, 180, 1, 2.76%, 16, 0, 2, 249.18
1619602101, 0, 0, 184, 184, 1, 2.77%, 16, 0, 2, 278.51
1619602106, 0, 0, 185, 185, 1, 2.78%, 17, 0, 2, 655.61
1619602111, 0, 0, 212, 212, 1, 3.19%, 17, 0, 2, 392.65
1619602116, 0, 0, 219, 219, 1, 3.20%, 17, 0, 2, 386.31
1619602136, 0, 0, 224, 224, 1, 3.21%, 17, 0, 2, 394.93
1619602141, 0, 0, 225, 225, 1, 3.21%, 17, 0, 2, 334.69
1619602157, 0, 0, 226, 226, 1, 3.21%, 17, 0, 2, 291.83
1619602187, 0, 0, 248, 248, 1, 3.21%, 17, 0, 2, 267.90
1619602192, 0, 0, 251, 251, 1, 3.21%, 17, 0, 2, 271.58
1619602792, 0, 0, 254, 254, 1, 3.22%, 17, 0, 2, 251.84
1619602797, 0, 0, 257, 257, 1, 3.22%, 17, 0, 2, 230.22
1619602843, 0, 0, 258, 258, 1, 3.22%, 17, 0, 2, 269.92
1619603035, 0, 0, 259, 259, 1, 3.22%, 17, 0, 2, 288.71
1619603112, 0, 0, 274, 274, 1, 3.22%, 19, 0, 2, 363.17
1619603117, 0, 0, 284, 284, 1, 3.23%, 20, 0, 2, 415.75
1619603122, 0, 0, 291, 291, 1, 3.24%, 20, 0, 2, 426.70
1619603127, 0, 0, 298, 298, 1, 3.25%, 20, 0, 2, 429.17
1619603132, 0, 0, 301, 301, 1, 3.25%, 20, 0, 2, 422.49
1619603137, 0, 0, 302, 302, 1, 3.25%, 20, 0, 2, 427.21
1619603142, 0, 0, 305, 305, 1, 3.25%, 20, 0, 2, 426.46
1619603147, 0, 0, 308, 308, 1, 3.25%, 20, 0, 2, 436.65
1619603152, 0, 0, 309, 309, 1, 3.25%, 20, 0, 2, 419.56
1619603157, 0, 0, 312, 312, 1, 3.25%, 20, 0, 2, 428.79
1619603162, 0, 0, 313, 313, 1, 3.25%, 20, 0, 2, 444.02
1619603167, 0, 0, 315, 315, 1, 3.25%, 20, 0, 2, 441.51
1619603177, 0, 0, 317, 317, 1, 3.25%, 20, 0, 2, 433.50
1619603182, 0, 0, 318, 318, 1, 3.25%, 20, 0, 2, 439.08
1619603187, 0, 1, 319, 318, 72, 3.25%, 20, 0, 2, 386.95
1619603213, 0, 1, 320, 319, 72, 3.25%, 20, 0, 3, 323.43
1619603456, 0, 1, 322, 321, 72, 3.25%, 20, 0, 3, 410.28
1619603461, 0, 1, 324, 323, 72, 3.26%, 20, 0, 3, 391.92
1619604409, 0, 2, 324, 322, 73, 3.26%, 20, 0, 3, 328.87
1619604551, 0, 2, 325, 323, 73, 3.27%, 20, 0, 3, 322.42
1619604561, 0, 2, 326, 324, 73, 3.27%, 20, 0, 3, 225.84
1619604592, 0, 2, 327, 325, 73, 3.27%, 20, 0, 3, 259.41
1619604638, 0, 2, 329, 327, 73, 3.27%, 20, 0, 3, 256.67
1619604679, 0, 2, 330, 328, 73, 3.27%, 20, 0, 3, 505.89
1619605665, 0, 3, 330, 327, 73, 3.27%, 20, 0, 3, 335.87
1619605802, 0, 3, 331, 328, 73, 3.27%, 20, 0, 3, 307.48
1619606945, 0, 3, 332, 329, 73, 3.27%, 20, 0, 3, 397.53
1619606950, 0, 4, 333, 329, 72, 3.28%, 21, 0, 3, 275.82
1619606955, 0, 4, 334, 330, 72, 3.28%, 21, 0, 3, 272.63
1619607117, 0, 4, 335, 331, 72, 3.28%, 21, 0, 3, 259.69
1619607224, 0, 4, 337, 333, 72, 3.29%, 21, 0, 3, 439.10
1619608224, 0, 4, 338, 334, 72, 3.29%, 21, 0, 3, 364.83
1619608229, 0, 4, 339, 335, 72, 3.29%, 21, 0, 3, 405.57
1619608234, 0, 6, 339, 334, 75, 3.29%, 21, 0, 3, 379.28
1619608340, 0, 6, 339, 334, 75, 3.29%, 22, 0, 3, 457.81
1619608700, 0, 8, 339, 333, 74, 3.29%, 22, 0, 3, 393.13
1619608898, 0, 8, 339, 333, 74, 3.29%, 23, 0, 3, 451.77
1619608924, 0, 8, 340, 334, 74, 3.29%, 23, 0, 3, 369.54
1619609624, 0, 8, 341, 335, 74, 3.29%, 23, 0, 3, 419.37
1619609629, 0, 13, 341, 334, 73, 3.29%, 23, 0, 3, 375.05
1619609731, 0, 13, 341, 334, 73, 3.29%, 24, 0, 3, 506.73
1619610095, 0, 14, 341, 333, 72, 3.29%, 24, 0, 3, 449.07
1619610298, 0, 14, 341, 333, 72, 3.29%, 25, 0, 3, 436.52
1619611018, 0, 15, 341, 332, 71, 3.29%, 25, 0, 3, 370.95
1619611130, 0, 15, 341, 332, 71, 3.29%, 26, 0, 3, 457.95
1619611499, 0, 30, 341, 331, 70, 3.29%, 26, 0, 3, 339.06
1619611596, 0, 30, 343, 333, 70, 3.29%, 26, 0, 3, 337.19
1619611672, 0, 30, 344, 334, 70, 3.29%, 26, 0, 3, 291.33
1619611697, 0, 30, 344, 334, 70, 3.29%, 27, 0, 3, 449.98
1619611763, 0, 30, 346, 336, 70, 3.29%, 27, 0, 3, 290.79
1619612433, 0, 33, 346, 335, 71, 3.29%, 27, 0, 3, 338.81
1619612632, 0, 33, 346, 335, 71, 3.29%, 28, 0, 3, 475.70
1619612697, 0, 33, 347, 336, 71, 3.29%, 28, 0, 3, 286.26
1619613362, 0, 34, 347, 335, 70, 3.29%, 28, 0, 3, 300.33
1619613393, 0, 34, 348, 336, 70, 3.29%, 28, 0, 3, 308.48
1619613682, 0, 34, 353, 341, 70, 3.29%, 28, 0, 3, 284.17
1619613687, 0, 34, 355, 343, 70, 3.29%, 28, 0, 3, 270.30
1619613713, 0, 34, 357, 345, 70, 3.29%, 28, 0, 3, 262.24
1619613723, 0, 34, 358, 346, 70, 3.29%, 28, 0, 3, 285.22
1619614649, 0, 34, 360, 348, 70, 3.29%, 28, 0, 3, 353.79
1619614654, 0, 34, 361, 349, 70, 3.29%, 28, 0, 3, 399.38
1619614659, 0, 34, 362, 350, 70, 3.29%, 28, 0, 3, 401.74
1619614669, 0, 34, 363, 351, 70, 3.29%, 28, 0, 3, 416.63
1619614674, 0, 34, 364, 352, 70, 3.29%, 28, 0, 3, 406.78
1619614694, 0, 34, 366, 354, 70, 3.29%, 28, 0, 3, 398.32
1619614704, 0, 34, 367, 355, 70, 3.29%, 28, 0, 3, 400.77
1619614709, 0, 34, 368, 356, 70, 3.29%, 28, 0, 3, 399.35
1619614714, 0, 34, 370, 358, 70, 3.29%, 28, 0, 3, 398.14
1619614729, 0, 36, 370, 357, 69, 3.29%, 28, 0, 3, 286.58
1619616026, 0, 40, 370, 356, 68, 3.29%, 28, 0, 3, 335.19
1619616137, 0, 40, 370, 356, 68, 3.29%, 29, 0, 3, 470.80
1619616507, 0, 54, 370, 355, 67, 3.29%, 29, 0, 3, 407.45
1619616512, 0, 54, 371, 356, 67, 3.29%, 29, 0, 3, 370.47
1619616604, 0, 54, 372, 357, 67, 3.29%, 30, 0, 3, 479.19
1619616989, 0, 60, 372, 356, 66, 3.29%, 30, 0, 3, 366.73
1619617090, 0, 60, 373, 357, 66, 3.29%, 30, 0, 3, 532.77
1619617095, 0, 60, 373, 357, 66, 3.29%, 31, 0, 3, 411.41
1619617497, 0, 74, 373, 356, 65, 3.29%, 31, 0, 3, 340.45
1619618801, 0, 93, 373, 355, 64, 3.29%, 31, 0, 3, 300.22
1619618837, 0, 93, 374, 356, 64, 3.29%, 31, 0, 3, 272.62
1619619486, 0, 93, 375, 357, 64, 3.29%, 31, 0, 3, 226.98
1619620095, 0, 100, 375, 356, 63, 3.29%, 31, 0, 3, 347.58
1619620120, 0, 100, 376, 357, 63, 3.30%, 31, 0, 3, 332.97
1619620297, 0, 100, 376, 357, 63, 3.30%, 32, 0, 3, 415.08
1619621034, 0, 101, 376, 356, 63, 3.30%, 32, 0, 3, 368.72
1619621520, 0, 107, 376, 355, 63, 3.30%, 32, 0, 3, 395.97
1619621788, 0, 107, 377, 356, 63, 3.30%, 32, 0, 3, 480.86
1619621793, 0, 107, 383, 362, 63, 3.30%, 32, 0, 3, 378.49
1619622748, 0, 110, 383, 361, 63, 3.30%, 32, 0, 3, 320.69
1619622753, 0, 110, 384, 362, 63, 3.30%, 32, 0, 3, 316.87
1619622768, 0, 110, 385, 363, 63, 3.31%, 32, 0, 3, 360.10
1619622940, 0, 110, 385, 363, 63, 3.31%, 33, 0, 3, 458.95
1619622985, 0, 110, 386, 364, 63, 3.31%, 33, 0, 3, 302.08
1619623650, 0, 110, 387, 365, 63, 3.31%, 33, 0, 3, 336.40
1619623660, 0, 112, 387, 364, 64, 3.31%, 33, 0, 3, 384.84
1619623868, 0, 112, 387, 364, 64, 3.31%, 34, 0, 3, 445.83
1619624595, 0, 113, 388, 364, 64, 3.31%, 34, 0, 3, 425.72
1619624803, 0, 113, 388, 364, 64, 3.31%, 35, 0, 3, 404.74
1619625529, 0, 114, 388, 363, 63, 3.31%, 35, 0, 3, 381.16
1619625727, 0, 114, 388, 363, 63, 3.31%, 36, 0, 3, 459.63
1619626451, 0, 115, 388, 362, 62, 3.31%, 36, 0, 3, 333.05
1619626664, 0, 115, 388, 362, 62, 3.31%, 37, 0, 3, 411.98
1619627395, 0, 116, 388, 361, 61, 3.31%, 37, 0, 3, 344.63
1619627420, 0, 116, 389, 362, 61, 3.32%, 37, 0, 3, 331.11
1619627605, 0, 116, 389, 362, 61, 3.32%, 38, 0, 3, 431.33
1619627631, 0, 116, 390, 363, 61, 3.32%, 38, 0, 3, 340.68
1619628349, 0, 126, 390, 362, 60, 3.32%, 38, 0, 3, 367.04
1619628457, 0, 126, 390, 362, 60, 3.32%, 39, 0, 3, 533.47
1619628827, 0, 128, 390, 361, 59, 3.32%, 39, 0, 3, 391.17
1619628929, 0, 128, 392, 363, 59, 3.33%, 40, 0, 3, 455.23
1619629294, 0, 135, 392, 362, 59, 3.33%, 40, 0, 3, 347.15
1619629304, 0, 135, 393, 363, 59, 3.33%, 40, 0, 3, 320.55
1619629453, 0, 135, 394, 364, 59, 3.33%, 40, 0, 3, 314.51
1619629489, 0, 135, 394, 364, 59, 3.33%, 41, 0, 3, 462.13
1619630213, 0, 137, 394, 363, 58, 3.33%, 41, 0, 3, 340.53
1619630239, 0, 137, 397, 366, 58, 3.33%, 41, 0, 3, 335.04
1619630264, 0, 137, 398, 367, 58, 3.33%, 41, 0, 3, 339.76
1619630391, 0, 137, 399, 368, 58, 3.33%, 41, 0, 3, 300.88
1619630416, 0, 137, 399, 368, 58, 3.33%, 42, 0, 3, 474.52
1619631131, 0, 139, 399, 367, 58, 3.33%, 42, 0, 3, 352.54
1619631343, 0, 139, 399, 367, 58, 3.33%, 43, 0, 3, 394.84
1619632084, 0, 142, 399, 366, 57, 3.33%, 43, 0, 3, 392.03
1619632089, 0, 142, 400, 367, 57, 3.33%, 43, 0, 3, 314.49
1619632109, 0, 142, 401, 368, 57, 3.34%, 43, 0, 3, 339.98
1619632185, 0, 142, 406, 373, 57, 3.34%, 43, 0, 3, 327.97
1619632292, 0, 142, 406, 373, 57, 3.34%, 44, 0, 3, 476.73
1619632332, 0, 142, 408, 375, 57, 3.34%, 44, 0, 3, 300.60
1619632337, 0, 142, 409, 376, 57, 3.34%, 44, 0, 3, 276.48
1619633028, 0, 154, 409, 375, 60, 3.34%, 44, 0, 3, 330.04
1619633353, 0, 154, 410, 376, 60, 3.34%, 44, 0, 3, 263.31
1619634308, 0, 157, 410, 375, 59, 3.34%, 44, 0, 3, 330.39
1619634633, 0, 157, 412, 377, 59, 3.34%, 44, 0, 3, 279.81
1619634638, 0, 157, 413, 378, 59, 3.34%, 44, 0, 3, 276.02
1619635607, 0, 160, 413, 377, 58, 3.34%, 44, 0, 3, 275.08
1619635749, 0, 160, 414, 378, 58, 3.35%, 44, 0, 3, 259.31
1619635805, 0, 160, 415, 379, 58, 3.35%, 44, 0, 3, 290.62
1619635820, 0, 160, 416, 380, 58, 3.35%, 44, 0, 3, 266.64
1619635881, 0, 160, 417, 381, 58, 3.35%, 44, 0, 3, 440.97
1619636892, 0, 164, 417, 380, 59, 3.35%, 44, 0, 3, 271.47
1619636897, 0, 164, 418, 381, 59, 3.35%, 44, 0, 3, 244.41
1619638168, 0, 172, 418, 380, 59, 3.35%, 44, 0, 3, 321.80
1619638401, 0, 172, 425, 387, 59, 3.39%, 44, 0, 3, 244.27
1619638406, 0, 172, 429, 391, 59, 3.40%, 44, 0, 3, 228.93
1619638411, 0, 172, 430, 392, 59, 3.40%, 44, 0, 3, 243.85
1619638452, 0, 172, 431, 393, 59, 3.40%, 44, 0, 3, 474.88
1619639152, 0, 172, 432, 394, 59, 3.40%, 44, 0, 3, 237.50
1619639482, 0, 177, 433, 394, 68, 3.40%, 44, 0, 3, 333.77
1619639497, 0, 177, 434, 395, 68, 3.40%, 44, 0, 3, 248.55
1619639538, 0, 177, 435, 396, 68, 3.40%, 44, 0, 3, 245.89
1619639543, 0, 177, 436, 397, 68, 3.40%, 44, 0, 3, 255.26
1619639553, 0, 177, 437, 398, 68, 3.40%, 44, 0, 3, 289.45
1619639710, 0, 177, 440, 401, 68, 3.41%, 44, 0, 3, 244.09
1619640442, 0, 177, 441, 402, 68, 3.41%, 44, 0, 3, 247.12
1619640457, 0, 177, 443, 404, 68, 3.41%, 44, 0, 3, 229.20
1619640462, 0, 177, 444, 405, 68, 3.41%, 44, 0, 3, 215.56
1619640767, 0, 183, 444, 404, 72, 3.41%, 44, 0, 3, 322.10
1619642050, 0, 184, 444, 403, 71, 3.41%, 44, 0, 3, 322.85
1619643353, 0, 194, 444, 402, 70, 3.41%, 44, 0, 3, 319.80
1619643358, 0, 194, 447, 405, 70, 3.42%, 44, 0, 3, 227.34
1619643363, 0, 194, 449, 407, 70, 3.42%, 44, 0, 3, 222.93
1619643373, 0, 194, 450, 408, 70, 3.42%, 44, 0, 3, 199.03
1619643389, 0, 194, 454, 412, 70, 3.42%, 44, 0, 3, 279.02
1619643394, 0, 194, 455, 413, 70, 3.42%, 44, 0, 3, 289.18
1619643404, 0, 194, 457, 415, 70, 3.42%, 44, 0, 3, 210.82
1619643440, 0, 194, 457, 415, 70, 3.42%, 46, 0, 3, 291.28
1619643501, 0, 194, 458, 416, 70, 3.42%, 46, 0, 3, 313.36
1619643511, 0, 194, 459, 417, 70, 3.42%, 46, 0, 3, 289.30
1619643521, 0, 194, 460, 418, 70, 3.42%, 46, 0, 3, 187.74
1619643526, 0, 194, 461, 419, 70, 3.42%, 46, 0, 3, 185.92
1619643541, 0, 194, 462, 420, 70, 3.42%, 46, 0, 3, 182.80
1619643547, 0, 194, 463, 421, 70, 3.42%, 46, 0, 3, 239.99
1619643552, 0, 194, 464, 422, 70, 3.42%, 46, 0, 3, 276.68
1619643577, 0, 194, 466, 424, 70, 3.42%, 46, 0, 3, 232.34
1619643608, 0, 194, 467, 425, 70, 3.42%, 46, 0, 3, 270.64
1619643659, 0, 194, 469, 427, 70, 3.42%, 46, 0, 3, 432.82
1619643664, 0, 194, 471, 429, 70, 3.42%, 46, 0, 3, 320.48
1619643669, 0, 194, 472, 430, 70, 3.42%, 46, 0, 3, 314.58
1619643674, 0, 194, 473, 431, 70, 3.42%, 46, 0, 3, 278.52
1619643679, 0, 194, 475, 433, 70, 3.42%, 46, 0, 3, 298.58
1619643685, 0, 194, 476, 434, 70, 3.42%, 46, 0, 3, 395.20
1619644836, 0, 196, 476, 433, 73, 3.42%, 47, 0, 3, 308.52
1619644861, 0, 196, 477, 434, 73, 3.42%, 47, 0, 3, 340.35
1619645089, 0, 196, 478, 435, 73, 3.42%, 47, 0, 3, 312.37
1619645094, 0, 196, 479, 436, 73, 3.42%, 48, 0, 3, 314.70
1619645891, 0, 196, 480, 437, 73, 3.42%, 48, 0, 3, 329.72
1619645896, 0, 196, 481, 438, 73, 3.42%, 48, 0, 3, 403.51
1619645902, 0, 198, 481, 437, 73, 3.42%, 49, 0, 3, 376.98
1619646170, 0, 198, 481, 437, 73, 3.42%, 50, 0, 3, 319.02
1619646990, 0, 206, 482, 437, 72, 3.42%, 50, 0, 3, 380.37
1619647005, 0, 206, 482, 437, 72, 3.42%, 51, 0, 3, 255.04
1619647030, 0, 206, 482, 437, 72, 3.42%, 55, 0, 3, 304.70
1619647137, 0, 206, 482, 437, 72, 3.42%, 57, 0, 3, 369.58
1619647142, 0, 206, 482, 437, 72, 3.42%, 58, 0, 3, 358.10
1619647147, 0, 206, 483, 438, 72, 3.42%, 58, 0, 3, 287.08
1619647228, 0, 206, 483, 438, 72, 3.42%, 59, 0, 3, 244.16
1619647233, 0, 206, 483, 438, 72, 3.42%, 60, 0, 3, 279.09
1619647263, 0, 206, 483, 438, 72, 3.42%, 61, 0, 3, 298.92
1619647273, 0, 206, 485, 440, 72, 3.42%, 61, 0, 3, 384.55
1619647294, 0, 206, 486, 441, 72, 3.42%, 61, 0, 3, 300.06
1619647304, 0, 206, 487, 442, 72, 3.42%, 61, 0, 3, 300.35
1619647324, 0, 206, 489, 444, 72, 3.42%, 62, 0, 3, 304.12
1619647349, 0, 206, 489, 444, 72, 3.42%, 69, 0, 3, 401.19
1619647390, 0, 206, 489, 444, 72, 3.42%, 70, 0, 3, 306.77
1619648223, 0, 206, 489, 444, 72, 3.42%, 71, 0, 3, 341.79
1619648299, 0, 216, 489, 443, 72, 3.42%, 72, 0, 3, 368.00
1619649501, 0, 217, 489, 442, 71, 3.42%, 72, 0, 3, 313.70
1619650797, 0, 220, 489, 441, 70, 3.42%, 72, 0, 3, 336.75
1619651133, 0, 220, 490, 442, 70, 3.42%, 72, 0, 3, 321.48
1619651843, 0, 220, 492, 444, 70, 3.42%, 72, 0, 3, 412.51
1619651848, 0, 222, 492, 443, 70, 3.42%, 72, 0, 3, 456.11
1619652062, 0, 222, 493, 444, 70, 3.42%, 72, 0, 3, 302.42
1619652933, 0, 223, 493, 443, 69, 3.42%, 72, 0, 3, 349.17
1619652958, 0, 223, 494, 444, 69, 3.44%, 72, 0, 3, 339.33
1619653225, 0, 223, 495, 445, 69, 3.44%, 72, 0, 3, 313.21
1619653303, 0, 223, 496, 446, 69, 3.44%, 72, 0, 3, 313.35
1619654022, 0, 224, 496, 445, 70, 3.44%, 72, 0, 3, 343.77
1619654243, 0, 224, 497, 446, 70, 3.44%, 72, 0, 3, 303.39
1619654408, 0, 224, 498, 447, 70, 3.44%, 72, 0, 3, 311.22
1619655132, 0, 226, 498, 446, 70, 3.44%, 72, 0, 3, 332.79
1619656170, 0, 261, 498, 445, 69, 3.44%, 72, 0, 3, 429.07
1619656452, 0, 276, 498, 444, 68, 3.44%, 72, 0, 3, 460.58
1619656801, 0, 277, 499, 444, 67, 3.44%, 72, 0, 3, 418.32
1619656806, 0, 277, 501, 446, 67, 3.44%, 72, 0, 3, 303.80
1619656816, 0, 277, 502, 447, 67, 3.44%, 72, 0, 3, 344.96
1619656939, 0, 277, 503, 448, 67, 3.44%, 72, 0, 3, 459.57
1619656944, 0, 277, 504, 449, 67, 3.44%, 72, 0, 3, 410.00
1619657457, 0, 279, 504, 448, 66, 3.44%, 72, 0, 3, 327.66
1619657493, 0, 279, 505, 449, 66, 3.44%, 72, 0, 3, 293.29
1619657707, 0, 279, 506, 450, 66, 3.44%, 72, 0, 3, 466.00
1619658605, 0, 287, 506, 449, 65, 3.44%, 72, 0, 3, 314.05
1619658610, 0, 287, 507, 450, 65, 3.45%, 72, 0, 3, 252.28
1619659661, 0, 291, 508, 450, 65, 3.45%, 72, 0, 3, 354.52
1619659829, 0, 291, 509, 451, 65, 3.45%, 72, 0, 3, 290.29
1619660874, 0, 291, 510, 452, 65, 3.45%, 72, 0, 3, 369.91
1619660879, 0, 297, 510, 451, 65, 3.45%, 72, 0, 3, 354.73
1619660884, 0, 297, 511, 452, 65, 3.45%, 72, 0, 3, 321.06
1619661051, 0, 297, 511, 452, 65, 3.45%, 73, 0, 3, 439.97
1619661198, 0, 297, 512, 453, 65, 3.45%, 73, 0, 3, 319.31
1619661253, 0, 297, 513, 454, 65, 3.45%, 73, 0, 3, 293.81
1619661391, 0, 297, 515, 456, 65, 3.45%, 73, 0, 3, 303.40
1619661513, 0, 308, 515, 455, 64, 3.45%, 73, 0, 3, 340.94
1619661721, 0, 308, 515, 455, 64, 3.45%, 74, 0, 3, 431.75
1619662391, 0, 311, 515, 454, 63, 3.45%, 74, 0, 3, 384.25
1619663370, 0, 320, 515, 453, 62, 3.45%, 74, 0, 3, 348.13
1619663669, 0, 320, 515, 453, 62, 3.45%, 75, 0, 3, 308.83
1619664640, 0, 321, 515, 452, 61, 3.45%, 75, 0, 3, 321.80
1619665900, 0, 322, 515, 451, 60, 3.45%, 75, 0, 3, 336.36
1619666199, 0, 322, 516, 452, 60, 3.45%, 75, 0, 4, 304.67
1619667206, 0, 323, 516, 451, 59, 3.45%, 75, 0, 4, 333.97
1619667211, 0, 323, 518, 453, 59, 3.45%, 75, 0, 4, 271.87
1619667475, 0, 323, 520, 455, 59, 3.45%, 75, 0, 4, 452.60
1619667480, 0, 323, 524, 459, 59, 3.45%, 75, 0, 4, 329.61
1619667500, 0, 323, 525, 460, 59, 3.45%, 75, 0, 4, 319.81
1619668441, 0, 324, 525, 459, 59, 3.45%, 75, 0, 4, 375.28
1619668502, 0, 324, 526, 460, 59, 3.45%, 75, 0, 4, 336.51
1619668902, 0, 332, 527, 460, 59, 3.46%, 75, 0, 4, 357.73
1619670192, 0, 333, 528, 460, 59, 3.46%, 75, 0, 4, 324.14
1619671216, 0, 335, 528, 459, 58, 3.46%, 75, 0, 4, 250.64
1619671359, 0, 335, 529, 460, 58, 3.46%, 75, 0, 4, 326.77
1619672709, 0, 337, 530, 460, 58, 3.46%, 75, 0, 4, 294.06
1619673929, 0, 343, 530, 459, 57, 3.46%, 75, 0, 4, 361.72
1619674132, 0, 343, 530, 459, 57, 3.46%, 76, 0, 4, 409.54
1619674884, 0, 347, 530, 458, 56, 3.46%, 76, 0, 4, 334.46
1619675103, 0, 347, 530, 458, 56, 3.46%, 77, 0, 4, 398.81
1619675844, 0, 359, 530, 457, 55, 3.46%, 77, 0, 4, 308.80
1619675874, 0, 359, 531, 458, 55, 3.46%, 77, 0, 4, 359.86
1619676143, 0, 359, 532, 459, 55, 3.46%, 77, 0, 4, 424.05
1619677231, 0, 375, 532, 458, 55, 3.46%, 77, 0, 4, 343.97
1619677429, 0, 375, 532, 458, 55, 3.46%, 78, 0, 4, 483.16
1619678154, 0, 375, 533, 459, 55, 3.46%, 78, 0, 4, 373.64
1619678159, 0, 377, 533, 458, 55, 3.46%, 78, 0, 4, 366.92
1619679372, 0, 378, 533, 457, 54, 3.46%, 78, 0, 4, 348.48
1619680569, 0, 382, 533, 456, 53, 3.46%, 78, 0, 4, 316.67
1619680579, 0, 382, 534, 457, 53, 3.46%, 78, 0, 4, 270.95
1619680599, 0, 382, 535, 458, 53, 3.46%, 78, 0, 4, 333.25
1619680853, 0, 382, 536, 459, 53, 3.46%, 78, 0, 4, 320.19
1619681853, 0, 386, 536, 458, 54, 3.46%, 78, 0, 4, 350.83
1619681878, 0, 386, 537, 459, 54, 3.46%, 78, 0, 4, 333.33
1619681954, 0, 386, 539, 461, 54, 3.46%, 78, 0, 4, 320.84
1619682051, 0, 386, 539, 461, 54, 3.46%, 79, 0, 4, 398.96
1619682777, 0, 387, 539, 460, 53, 3.46%, 79, 0, 4, 368.24
1619682807, 0, 387, 540, 461, 53, 3.46%, 79, 0, 4, 302.05
1619682985, 0, 387, 540, 461, 53, 3.46%, 80, 0, 4, 406.37
1619683691, 0, 388, 540, 460, 52, 3.46%, 80, 0, 4, 377.57
1619683797, 0, 388, 540, 460, 52, 3.46%, 81, 0, 4, 511.14
1619683823, 0, 388, 541, 461, 52, 3.47%, 81, 0, 4, 398.31
1619684179, 0, 390, 541, 460, 53, 3.47%, 81, 0, 4, 421.22
1619684651, 0, 391, 541, 459, 52, 3.47%, 81, 0, 4, 394.85
1619685123, 0, 394, 542, 459, 51, 3.47%, 81, 0, 4, 369.79
1619685148, 0, 394, 543, 460, 51, 3.47%, 81, 0, 4, 329.76
1619685325, 0, 394, 543, 460, 51, 3.47%, 82, 0, 4, 473.78
1619686046, 0, 398, 543, 459, 51, 3.47%, 82, 0, 4, 372.33
1619686092, 0, 398, 544, 460, 51, 3.47%, 82, 0, 4, 300.28
1619686250, 0, 398, 544, 460, 51, 3.47%, 83, 0, 4, 505.65
1619686964, 0, 399, 544, 459, 50, 3.47%, 83, 0, 4, 380.00
1619687172, 0, 399, 544, 459, 50, 3.47%, 84, 0, 4, 467.00
1619687217, 0, 399, 545, 460, 50, 3.47%, 84, 0, 4, 298.26
1619687897, 0, 399, 546, 461, 50, 3.47%, 84, 0, 4, 309.46
1619687913, 0, 400, 546, 460, 49, 3.47%, 84, 0, 4, 302.10
1619688045, 0, 400, 547, 461, 49, 3.47%, 84, 0, 4, 234.59
1619688192, 0, 400, 548, 462, 49, 3.48%, 84, 0, 4, 273.87
1619689039, 0, 403, 548, 461, 49, 3.48%, 84, 0, 4, 366.86
1619689064, 0, 403, 549, 462, 49, 3.48%, 84, 0, 4, 341.28
1619689222, 0, 403, 549, 462, 49, 3.48%, 85, 0, 4, 522.65
1619689268, 0, 403, 550, 463, 49, 3.48%, 85, 0, 4, 295.49
1619689962, 0, 413, 550, 462, 48, 3.48%, 85, 0, 4, 343.29
1619690105, 0, 413, 551, 463, 48, 3.48%, 85, 0, 4, 288.82
1619691253, 0, 413, 552, 464, 48, 3.48%, 85, 0, 4, 314.63
1619691258, 0, 414, 552, 463, 49, 3.48%, 85, 0, 4, 308.93
1619691426, 0, 414, 553, 464, 49, 3.48%, 85, 0, 4, 543.52
1619692409, 0, 418, 553, 463, 48, 3.48%, 85, 0, 4, 313.40
1619693695, 0, 423, 553, 462, 47, 3.48%, 85, 0, 4, 316.32
1619693949, 0, 423, 554, 463, 47, 3.49%, 85, 0, 4, 202.70
1619695196, 0, 424, 554, 462, 47, 3.49%, 85, 0, 4, 253.51
