# unix_time, cycles_done, cur_path, paths_total, pending_total, pending_favs, map_size, unique_crashes, unique_hangs, max_depth, execs_per_sec
1630397013, 0, 0, 1, 1, 1, 0.04%, 0, 0, 1, 0.17
1630397018, 0, 0, 7, 7, 1, 0.05%, 0, 0, 2, 13.03
1630397023, 0, 0, 9, 9, 1, 0.05%, 0, 0, 2, 13.34
1630397028, 0, 0, 10, 10, 1, 0.05%, 0, 0, 2, 12.54
1630397034, 0, 0, 24, 24, 1, 0.05%, 0, 0, 2, 40.82
1630397039, 0, 0, 28, 28, 1, 0.05%, 0, 0, 2, 24.03
1630397049, 0, 0, 29, 29, 1, 0.05%, 0, 0, 2, 11.91
1630397054, 0, 0, 31, 31, 1, 0.05%, 0, 0, 2, 12.23
1630397079, 0, 0, 33, 33, 1, 0.05%, 0, 0, 2, 59.98
1630397084, 0, 0, 35, 35, 1, 0.05%, 0, 0, 2, 10.47
1630397089, 0, 0, 36, 36, 1, 0.05%, 0, 0, 2, 10.69
1630397095, 0, 0, 38, 38, 1, 0.05%, 0, 0, 2, 10.80
1630397110, 0, 0, 39, 39, 1, 0.05%, 0, 0, 2, 11.80
1630397126, 0, 0, 41, 41, 1, 0.05%, 0, 0, 2, 19.98
1630397131, 0, 0, 43, 43, 1, 0.05%, 0, 0, 2, 19.57
1630397136, 0, 0, 44, 44, 1, 0.05%, 0, 0, 2, 37.20
1630397177, 0, 0, 45, 45, 1, 0.05%, 0, 0, 2, 10.72
1630397182, 0, 0, 46, 46, 1, 0.05%, 0, 0, 2, 11.03
1630397218, 0, 0, 47, 47, 1, 0.05%, 0, 0, 2, 12.37
1630397229, 0, 0, 52, 52, 1, 0.05%, 0, 0, 2, 11.04
1630397270, 0, 0, 53, 53, 1, 0.05%, 0, 0, 2, 11.16
1630397280, 0, 0, 54, 54, 1, 0.05%, 0, 0, 2, 11.10
1630397310, 0, 0, 55, 55, 1, 0.05%, 0, 0, 2, 37.31
1630397321, 0, 0, 56, 56, 1, 0.05%, 0, 0, 2, 15.12
1630397331, 0, 0, 59, 59, 1, 0.05%, 0, 0, 2, 13.10
1630397346, 0, 0, 64, 64, 1, 0.05%, 0, 0, 2, 32.72
1630397408, 0, 0, 67, 67, 1, 0.05%, 0, 0, 2, 24.18
1630397418, 0, 0, 70, 70, 1, 0.05%, 0, 0, 2, 65.68
1630397423, 0, 0, 76, 76, 1, 0.05%, 0, 0, 2, 10.84
1630397428, 0, 0, 77, 77, 1, 0.05%, 0, 0, 2, 11.01
1630397464, 0, 0, 79, 79, 1, 0.05%, 0, 0, 2, 11.07
1630397510, 0, 0, 80, 80, 1, 0.05%, 0, 0, 2, 11.03
1630397695, 0, 0, 81, 81, 1, 0.05%, 0, 0, 2, 13.24
1630397711, 0, 0, 82, 82, 1, 0.06%, 0, 0, 2, 12.67
1630397726, 0, 0, 83, 83, 1, 0.06%, 0, 0, 2, 11.23
1630397731, 0, 0, 84, 84, 1, 0.06%, 0, 0, 2, 11.13
1630397772, 0, 0, 85, 85, 1, 0.06%, 0, 0, 2, 11.11
1630397788, 0, 0, 86, 86, 1, 0.06%, 0, 0, 2, 11.06
1630397875, 0, 0, 87, 87, 1, 0.06%, 0, 0, 2, 11.14
1630397977, 0, 0, 88, 88, 1, 0.06%, 0, 0, 2, 20.09
1630398003, 0, 0, 92, 92, 1, 0.06%, 0, 0, 2, 17.36
1630398008, 0, 0, 95, 95, 1, 0.06%, 0, 0, 2, 22.50
1630398013, 0, 0, 99, 99, 1, 0.06%, 0, 0, 2, 23.59
1630398162, 0, 0, 100, 100, 1, 0.06%, 0, 0, 2, 82.16
1630398295, 0, 0, 107, 107, 1, 0.06%, 0, 0, 2, 111.92
1630398300, 0, 0, 113, 113, 1, 0.06%, 0, 0, 2, 76.54
1630398305, 0, 0, 116, 116, 1, 0.06%, 0, 0, 2, 15.90
1630398310, 0, 0, 118, 118, 1, 0.06%, 0, 0, 2, 30.70
1630398315, 0, 0, 119, 119, 1, 0.06%, 0, 0, 2, 26.17
1630398320, 0, 0, 121, 121, 1, 0.06%, 0, 0, 2, 27.53
1630398326, 0, 0, 122, 122, 1, 0.06%, 0, 0, 2, 35.59
1630398331, 0, 0, 125, 125, 1, 0.06%, 0, 0, 2, 48.82
1630398346, 0, 0, 126, 126, 1, 0.06%, 0, 0, 2, 54.53
1630398356, 0, 0, 127, 127, 1, 0.06%, 0, 0, 2, 63.25
1630398387, 0, 0, 128, 128, 1, 0.06%, 0, 0, 2, 71.11
1630398398, 0, 0, 129, 129, 1, 0.06%, 0, 0, 2, 69.62
1630398418, 0, 0, 130, 130, 1, 0.06%, 0, 0, 2, 11.14
1630398423, 0, 0, 131, 131, 1, 0.06%, 0, 0, 2, 11.09
1630398449, 0, 0, 132, 132, 1, 0.06%, 0, 0, 2, 11.34
1630398530, 0, 0, 133, 133, 1, 0.06%, 0, 0, 2, 11.87
1630399094, 0, 0, 134, 134, 1, 0.06%, 0, 0, 2, 67.01
1630399125, 0, 0, 135, 135, 1, 0.06%, 0, 0, 2, 11.59
1630399365, 0, 0, 136, 136, 1, 0.06%, 0, 0, 2, 12.79
1630399370, 0, 0, 137, 137, 1, 0.06%, 0, 0, 2, 11.63
1630399401, 0, 0, 138, 138, 1, 0.06%, 0, 0, 2, 11.14
1630399631, 0, 0, 139, 139, 1, 0.06%, 0, 0, 2, 12.91
1630399636, 0, 0, 140, 140, 1, 0.06%, 0, 0, 2, 11.72
1630399718, 0, 0, 141, 141, 1, 0.06%, 0, 0, 2, 228.95
1630399733, 0, 0, 142, 142, 1, 0.06%, 0, 0, 2, 71.23
1630399738, 0, 0, 143, 143, 1, 0.06%, 0, 0, 2, 59.81
1630399743, 0, 0, 147, 147, 1, 0.06%, 0, 0, 2, 21.98
1630399759, 0, 0, 148, 148, 1, 0.06%, 0, 0, 2, 23.05
1630399795, 0, 0, 149, 149, 1, 0.06%, 0, 0, 2, 23.64
1630399800, 0, 0, 150, 150, 1, 0.06%, 0, 0, 2, 31.04
1630399805, 0, 0, 152, 152, 1, 0.06%, 0, 0, 2, 19.97
1630399851, 0, 0, 153, 153, 1, 0.06%, 0, 0, 2, 23.02
1630399902, 0, 0, 154, 154, 1, 0.06%, 0, 0, 2, 22.93
1630400317, 0, 0, 155, 155, 1, 0.07%, 0, 0, 2, 16.24
1630400533, 0, 0, 158, 158, 1, 0.07%, 0, 0, 2, 37.45
1630400538, 0, 0, 159, 159, 1, 0.07%, 0, 0, 2, 45.87
1630400620, 0, 0, 160, 160, 1, 0.07%, 0, 0, 2, 70.00
1630400630, 0, 0, 161, 161, 1, 0.07%, 0, 0, 2, 69.38
1630400640, 0, 0, 162, 162, 1, 0.07%, 0, 0, 2, 69.16
1630400697, 0, 0, 164, 164, 1, 0.07%, 0, 0, 2, 12.32
1630400712, 0, 0, 165, 165, 1, 0.07%, 0, 0, 2, 13.02
1630400728, 0, 0, 166, 166, 1, 0.07%, 0, 0, 2, 11.15
1630400738, 0, 0, 167, 167, 1, 0.07%, 0, 0, 2, 11.13
1630404607, 0, 0, 168, 168, 1, 0.07%, 0, 0, 2, 11.11
1630407466, 0, 0, 169, 169, 1, 0.07%, 0, 0, 2, 10.94
1630408343, 0, 0, 175, 175, 1, 0.07%, 0, 0, 2, 32.45
1630408348, 0, 0, 180, 180, 1, 0.07%, 0, 0, 2, 45.79
1630408354, 0, 0, 185, 185, 1, 0.07%, 0, 0, 2, 37.07
1630408359, 0, 0, 190, 190, 1, 0.07%, 0, 0, 2, 38.22
1630408364, 0, 0, 193, 193, 1, 0.07%, 0, 0, 2, 35.13
1630408369, 0, 0, 194, 194, 1, 0.07%, 0, 0, 2, 47.00
1630408374, 0, 0, 196, 196, 1, 0.07%, 0, 0, 2, 74.18
1630408379, 0, 0, 199, 199, 1, 0.07%, 0, 0, 2, 11.43
1630408389, 0, 0, 200, 200, 1, 0.07%, 0, 0, 2, 67.15
1630408400, 0, 0, 201, 201, 1, 0.07%, 0, 0, 2, 59.22
1630408405, 0, 0, 202, 202, 1, 0.07%, 0, 0, 2, 56.42
1630408410, 0, 0, 203, 203, 1, 0.07%, 0, 0, 2, 62.08
1630408415, 0, 0, 205, 205, 1, 0.07%, 0, 0, 2, 70.00
1630408420, 0, 0, 206, 206, 1, 0.07%, 0, 0, 2, 67.44
1630408435, 0, 0, 207, 207, 1, 0.07%, 0, 0, 2, 61.69
1630408440, 0, 0, 208, 208, 1, 0.07%, 0, 0, 2, 55.74
1630408451, 0, 0, 209, 209, 1, 0.07%, 0, 0, 2, 65.07
1630408456, 0, 0, 210, 210, 1, 0.07%, 0, 0, 2, 62.39
1630408466, 0, 0, 211, 211, 1, 0.07%, 0, 0, 2, 55.40
1630408471, 0, 0, 212, 212, 1, 0.07%, 0, 0, 2, 63.78
1630408476, 0, 0, 213, 213, 1, 0.07%, 0, 0, 2, 119.53
1630408481, 0, 0, 215, 215, 1, 0.07%, 0, 0, 2, 75.22
1630408487, 0, 0, 216, 216, 1, 0.07%, 0, 0, 2, 81.43
1630408497, 0, 0, 217, 217, 1, 0.07%, 0, 0, 2, 69.04
1630408517, 0, 0, 218, 218, 1, 0.07%, 0, 0, 2, 64.15
1630408548, 0, 0, 219, 219, 1, 0.07%, 0, 0, 2, 57.02
1630408568, 0, 0, 220, 220, 1, 0.07%, 0, 0, 2, 63.35
1630408573, 0, 0, 221, 221, 1, 0.07%, 0, 0, 2, 67.25
1630408594, 0, 0, 222, 222, 1, 0.07%, 0, 0, 2, 63.05
1630408604, 0, 0, 224, 224, 1, 0.07%, 0, 0, 2, 55.02
1630408609, 0, 0, 225, 225, 1, 0.07%, 0, 0, 2, 58.10
1630408619, 0, 0, 226, 226, 1, 0.07%, 0, 0, 2, 65.73
1630408629, 0, 0, 227, 227, 1, 0.07%, 0, 0, 2, 55.58
1630408634, 0, 7, 227, 226, 68, 0.07%, 0, 0, 2, 40.93
1630408691, 0, 7, 228, 227, 68, 0.07%, 0, 0, 3, 64.60
1630408824, 0, 7, 229, 228, 68, 0.07%, 0, 0, 3, 94.11
1630408977, 0, 7, 231, 230, 68, 0.07%, 0, 0, 3, 52.00
1630409402, 0, 7, 232, 231, 68, 0.07%, 0, 0, 3, 46.08
1630411103, 0, 7, 234, 233, 68, 0.07%, 0, 0, 3, 105.16
1630411113, 0, 7, 236, 235, 68, 0.07%, 0, 0, 3, 117.07
1630411118, 0, 7, 237, 236, 68, 0.07%, 0, 0, 3, 114.46
1630411123, 0, 7, 238, 237, 68, 0.07%, 0, 0, 3, 114.06
1630411128, 0, 7, 239, 238, 68, 0.07%, 0, 0, 3, 119.57
1630411138, 0, 7, 240, 239, 68, 0.07%, 0, 0, 3, 115.89
1630411153, 0, 7, 241, 240, 68, 0.07%, 0, 0, 3, 116.02
1630411158, 0, 7, 242, 241, 68, 0.07%, 0, 0, 3, 110.52
1630411179, 0, 7, 243, 242, 68, 0.07%, 0, 0, 3, 16.01
1630411184, 0, 7, 244, 243, 68, 0.07%, 0, 0, 3, 120.86
1630411199, 0, 7, 245, 244, 68, 0.07%, 0, 0, 3, 117.07
1630411204, 0, 16, 246, 244, 70, 0.07%, 0, 0, 3, 87.83
1630413321, 0, 18, 246, 243, 69, 0.07%, 0, 0, 3, 79.00
1630415756, 0, 19, 246, 242, 68, 0.07%, 0, 0, 3, 84.88
1630417876, 0, 20, 246, 241, 67, 0.07%, 0, 0, 3, 85.49
1630419982, 0, 22, 246, 240, 66, 0.07%, 0, 0, 3, 85.67
1630422363, 0, 23, 246, 239, 65, 0.07%, 0, 0, 3, 15.38
1630422378, 0, 23, 247, 240, 65, 0.07%, 0, 0, 3, 35.35
1630422419, 0, 23, 248, 241, 65, 0.07%, 0, 0, 3, 19.63
1630423663, 0, 23, 249, 242, 65, 0.07%, 0, 0, 3, 90.70
1630423668, 0, 23, 250, 243, 65, 0.07%, 0, 0, 3, 8.17
1630433756, 0, 47, 250, 242, 65, 0.07%, 0, 0, 3, 65.87
1630433792, 0, 47, 251, 243, 65, 0.07%, 0, 0, 3, 70.96
1630435831, 0, 48, 251, 242, 65, 0.07%, 0, 0, 3, 109.73
1630436075, 0, 48, 252, 243, 65, 0.07%, 0, 0, 3, 67.36
1630436568, 0, 48, 253, 244, 65, 0.07%, 0, 0, 3, 68.89
1630437937, 0, 49, 253, 243, 64, 0.07%, 0, 0, 3, 82.59
1630437957, 0, 49, 254, 244, 64, 0.07%, 0, 0, 3, 68.81
1630438044, 0, 49, 255, 245, 64, 0.07%, 0, 0, 3, 80.87
1630438718, 0, 49, 256, 246, 64, 0.07%, 0, 0, 3, 67.64
1630440032, 0, 49, 257, 247, 64, 0.07%, 0, 0, 3, 119.68
1630440043, 0, 55, 257, 246, 64, 0.07%, 0, 0, 3, 116.79
1630441341, 0, 57, 257, 245, 63, 0.07%, 0, 0, 3, 97.66
1630443600, 0, 61, 257, 244, 62, 0.07%, 0, 0, 3, 17.20
1630444817, 0, 61, 258, 245, 62, 0.07%, 0, 0, 3, 101.73
1630454137, 0, 64, 258, 244, 62, 0.07%, 0, 0, 3, 69.18
1630454982, 0, 64, 259, 245, 62, 0.07%, 0, 0, 3, 60.49
1630456542, 0, 64, 260, 246, 62, 0.07%, 0, 0, 3, 96.42
1630456557, 0, 69, 260, 245, 61, 0.07%, 0, 0, 3, 84.73
1630458618, 0, 69, 262, 247, 61, 0.07%, 0, 0, 3, 120.31
1630458623, 0, 69, 263, 248, 61, 0.07%, 0, 0, 3, 124.97
1630458628, 0, 69, 264, 249, 61, 0.07%, 0, 0, 3, 121.98
1630458654, 0, 69, 265, 250, 61, 0.07%, 0, 0, 3, 126.98
1630458674, 0, 69, 266, 251, 61, 0.07%, 0, 0, 3, 122.53
1630458690, 0, 71, 266, 250, 60, 0.07%, 0, 0, 3, 98.79
1630460774, 0, 75, 266, 249, 59, 0.07%, 0, 0, 3, 14.58
1630464353, 0, 75, 268, 251, 59, 0.07%, 0, 0, 3, 12.53
1630464358, 0, 75, 270, 253, 59, 0.08%, 0, 0, 3, 11.51
1630464363, 0, 75, 271, 254, 59, 0.08%, 0, 0, 3, 11.22
1630464368, 0, 75, 272, 255, 59, 0.08%, 0, 0, 3, 11.11
1630464373, 0, 75, 273, 256, 59, 0.08%, 0, 0, 3, 11.09
1630464383, 0, 75, 274, 257, 59, 0.08%, 0, 0, 3, 11.24
1630464389, 0, 75, 275, 258, 59, 0.08%, 0, 0, 3, 11.15
1630472046, 0, 76, 275, 257, 65, 0.08%, 0, 0, 3, 15.03
1630472780, 0, 76, 276, 258, 65, 0.08%, 0, 0, 3, 11.05
1630475639, 0, 76, 277, 259, 65, 0.08%, 0, 0, 3, 12.73
1630483276, 0, 77, 277, 258, 65, 0.08%, 0, 0, 3, 12.94
