# unix_time, cycles_done, cur_path, paths_total, pending_total, pending_favs, map_size, unique_crashes, unique_hangs, max_depth, execs_per_sec
1619935459, 0, 0, 1, 1, 1, 2.62%, 0, 0, 1, 21.59
1619935464, 0, 0, 10, 10, 1, 3.29%, 0, 0, 2, 26.89
1619935469, 0, 0, 24, 24, 1, 3.41%, 0, 0, 2, 211.51
1619935474, 0, 0, 38, 38, 1, 3.47%, 0, 0, 2, 26.32
1619935480, 0, 0, 40, 40, 1, 3.48%, 0, 0, 2, 21.93
1619935485, 0, 0, 42, 42, 1, 3.48%, 0, 0, 2, 21.38
1619935500, 0, 0, 46, 46, 1, 3.49%, 0, 0, 2, 122.17
1619935505, 0, 0, 49, 49, 1, 3.50%, 0, 0, 2, 21.29
1619935510, 0, 0, 51, 51, 1, 3.50%, 0, 0, 2, 21.16
1619935515, 0, 0, 54, 54, 1, 3.50%, 0, 0, 2, 22.14
1619935520, 0, 0, 57, 57, 1, 3.50%, 0, 0, 2, 21.65
1619935525, 0, 0, 59, 59, 1, 3.50%, 0, 0, 2, 21.55
1619935530, 0, 0, 62, 62, 1, 3.51%, 0, 0, 2, 22.25
1619935536, 0, 0, 64, 64, 1, 3.51%, 0, 0, 2, 23.46
1619935541, 0, 0, 65, 65, 1, 3.51%, 0, 0, 2, 19.45
1619935566, 0, 0, 66, 66, 1, 3.51%, 0, 0, 2, 55.78
1619935587, 0, 0, 67, 67, 1, 3.52%, 0, 0, 2, 21.41
1619935592, 0, 0, 68, 68, 1, 3.52%, 0, 0, 2, 19.65
1619935602, 0, 0, 74, 74, 1, 3.53%, 0, 0, 2, 19.57
1619935628, 0, 0, 75, 75, 1, 3.53%, 0, 0, 2, 19.89
1619935633, 0, 0, 76, 76, 1, 3.53%, 0, 0, 2, 20.56
1619935643, 0, 0, 77, 77, 1, 3.53%, 0, 0, 2, 19.88
1619935648, 0, 0, 80, 80, 1, 3.54%, 0, 0, 2, 20.08
1619935653, 0, 0, 82, 82, 1, 3.54%, 0, 0, 2, 20.13
1619935663, 0, 0, 85, 85, 1, 3.54%, 0, 0, 2, 23.44
1619935674, 0, 0, 88, 88, 1, 3.54%, 0, 0, 2, 25.87
1619935679, 0, 0, 89, 89, 1, 3.54%, 0, 0, 2, 201.76
1619935684, 0, 0, 95, 95, 1, 3.55%, 0, 0, 2, 26.28
1619935689, 0, 0, 96, 96, 1, 3.55%, 0, 0, 2, 21.00
1619935694, 0, 0, 97, 97, 1, 3.55%, 0, 0, 2, 19.87
1619935705, 0, 0, 98, 98, 1, 3.55%, 0, 0, 2, 19.92
1619935715, 0, 0, 99, 99, 1, 3.55%, 0, 0, 2, 20.28
1619935720, 0, 0, 101, 101, 1, 3.55%, 0, 0, 2, 23.69
1619935725, 0, 0, 102, 102, 1, 3.55%, 0, 0, 2, 28.57
1619935730, 0, 0, 109, 109, 1, 3.56%, 0, 0, 2, 151.82
1619935735, 0, 0, 116, 116, 1, 3.57%, 0, 0, 2, 18.52
1619935756, 0, 0, 119, 119, 1, 3.57%, 0, 0, 2, 19.12
1619935781, 0, 0, 120, 120, 1, 3.57%, 0, 0, 2, 19.72
1619935822, 0, 0, 121, 121, 1, 3.57%, 0, 0, 2, 18.79
1619935909, 0, 0, 122, 122, 1, 3.57%, 0, 0, 2, 21.44
1619935919, 0, 0, 123, 123, 1, 3.58%, 0, 0, 2, 22.33
1619935929, 0, 0, 125, 125, 1, 3.58%, 0, 0, 2, 20.29
1619935955, 0, 0, 126, 126, 1, 3.58%, 0, 0, 2, 19.62
1619935960, 0, 0, 127, 127, 1, 3.58%, 0, 0, 2, 19.22
1619936006, 0, 0, 128, 128, 1, 3.58%, 0, 0, 2, 19.58
1619936037, 0, 0, 129, 129, 1, 3.58%, 0, 0, 2, 19.97
1619936073, 0, 0, 130, 130, 1, 3.58%, 0, 0, 2, 20.53
1619936109, 0, 0, 131, 131, 1, 3.58%, 0, 0, 2, 19.77
1619936114, 0, 0, 133, 133, 1, 3.59%, 0, 0, 2, 20.17
1619936149, 0, 0, 141, 141, 1, 3.59%, 0, 0, 2, 23.78
1619936155, 0, 0, 145, 145, 1, 3.59%, 0, 0, 2, 23.27
1619936185, 0, 0, 146, 146, 1, 3.59%, 0, 0, 2, 30.42
1619936267, 0, 0, 147, 147, 1, 3.59%, 0, 0, 2, 67.04
1619936272, 0, 0, 148, 148, 1, 3.59%, 0, 0, 2, 75.45
1619936369, 0, 0, 160, 160, 1, 3.64%, 0, 0, 2, 242.67
1619936374, 0, 0, 170, 170, 1, 3.65%, 0, 0, 2, 24.95
1619936380, 0, 0, 176, 176, 1, 3.67%, 0, 0, 2, 31.93
1619936385, 0, 0, 178, 178, 1, 3.67%, 0, 0, 2, 36.28
1619936390, 0, 0, 180, 180, 1, 3.67%, 0, 0, 2, 23.90
1619936395, 0, 0, 181, 181, 1, 3.67%, 0, 0, 2, 26.58
1619936400, 0, 0, 182, 182, 1, 3.67%, 0, 0, 2, 27.76
1619936410, 0, 0, 187, 187, 1, 3.68%, 0, 0, 2, 30.82
1619936415, 0, 0, 188, 188, 1, 3.68%, 0, 0, 2, 219.94
1619936420, 0, 0, 191, 191, 1, 3.69%, 0, 0, 2, 141.69
1619936430, 0, 0, 192, 192, 1, 3.69%, 0, 0, 2, 137.17
1619936436, 0, 0, 196, 196, 1, 3.69%, 0, 0, 2, 137.03
1619936441, 0, 0, 198, 198, 1, 3.70%, 0, 0, 2, 19.45
1619936446, 0, 0, 201, 201, 1, 3.71%, 0, 0, 2, 19.91
1619936451, 0, 0, 202, 202, 1, 3.71%, 0, 0, 2, 21.76
1619936518, 0, 0, 203, 203, 1, 3.72%, 0, 0, 2, 20.92
1619936539, 0, 0, 204, 204, 1, 3.72%, 0, 0, 2, 22.00
1619936554, 0, 0, 205, 205, 1, 3.72%, 0, 0, 2, 24.68
1619936616, 0, 0, 206, 206, 1, 3.72%, 0, 0, 2, 22.58
1619936898, 0, 0, 211, 211, 1, 3.74%, 0, 0, 2, 146.38
1619936908, 0, 0, 212, 212, 1, 3.74%, 0, 0, 2, 21.23
1619936913, 0, 0, 217, 217, 1, 3.74%, 0, 0, 2, 21.38
1619937051, 0, 0, 218, 218, 1, 3.77%, 0, 0, 2, 21.06
1619937056, 0, 0, 221, 221, 1, 3.77%, 0, 0, 2, 20.87
1619937061, 0, 0, 222, 222, 1, 3.77%, 0, 0, 2, 21.38
1619937102, 0, 0, 223, 223, 1, 3.77%, 0, 0, 2, 20.49
1619937226, 0, 0, 224, 224, 1, 3.79%, 0, 0, 2, 22.12
1619937276, 0, 0, 225, 225, 1, 3.79%, 0, 0, 2, 23.90
1619937282, 0, 0, 231, 231, 1, 3.82%, 0, 0, 2, 20.90
1619937287, 0, 0, 235, 235, 1, 3.82%, 0, 0, 2, 22.25
1619937292, 0, 0, 236, 236, 1, 3.82%, 0, 0, 2, 21.11
1619937297, 0, 0, 237, 237, 1, 3.82%, 0, 0, 2, 21.51
1619937307, 0, 0, 238, 238, 1, 3.83%, 0, 0, 2, 20.76
1619937312, 0, 0, 239, 239, 1, 3.83%, 0, 0, 2, 21.48
1619937348, 0, 0, 240, 240, 1, 3.83%, 0, 0, 2, 23.78
1619937363, 0, 0, 241, 241, 1, 3.83%, 0, 0, 2, 23.65
1619937368, 0, 0, 242, 242, 1, 3.84%, 0, 0, 2, 22.51
1619937399, 0, 0, 245, 245, 1, 3.84%, 0, 0, 2, 285.52
1619937404, 0, 0, 247, 247, 1, 3.84%, 0, 0, 2, 219.05
1619937409, 0, 0, 251, 251, 1, 4.02%, 0, 0, 2, 54.26
1619937414, 0, 0, 260, 260, 1, 4.02%, 0, 0, 2, 53.69
1619937420, 0, 0, 262, 262, 1, 4.02%, 0, 0, 2, 18.33
1619937425, 0, 0, 265, 265, 1, 4.03%, 0, 0, 2, 10.13
1619937430, 0, 0, 267, 267, 1, 4.03%, 0, 0, 2, 10.53
1619937435, 0, 0, 269, 269, 1, 4.03%, 0, 0, 2, 22.05
1619937456, 0, 0, 271, 271, 1, 4.06%, 0, 0, 2, 37.11
1619937461, 0, 0, 274, 274, 1, 4.06%, 0, 0, 2, 34.93
1619937491, 0, 0, 276, 276, 1, 4.07%, 0, 0, 2, 28.90
1619937522, 0, 0, 278, 278, 1, 4.07%, 0, 0, 2, 29.58
1619937553, 0, 0, 279, 279, 1, 4.07%, 0, 0, 2, 31.16
1619937702, 0, 0, 280, 280, 1, 4.07%, 0, 0, 2, 29.93
1619937763, 0, 0, 281, 281, 1, 4.10%, 0, 0, 2, 29.82
1619937855, 0, 0, 283, 283, 1, 4.10%, 0, 0, 2, 34.50
1619937865, 0, 0, 286, 286, 1, 4.10%, 0, 0, 2, 34.79
1619937875, 0, 0, 289, 289, 1, 4.10%, 0, 0, 2, 40.34
1619937896, 0, 0, 291, 291, 1, 4.10%, 0, 0, 2, 39.74
1619937906, 0, 0, 292, 292, 1, 4.10%, 0, 0, 2, 35.66
1619937916, 0, 0, 294, 294, 1, 4.10%, 0, 0, 2, 41.17
1619937921, 0, 0, 295, 295, 1, 4.49%, 0, 0, 2, 31.97
1619937957, 0, 0, 297, 297, 1, 4.49%, 0, 0, 2, 152.62
1619937988, 0, 0, 298, 298, 1, 4.49%, 0, 0, 2, 143.12
1619937993, 0, 0, 299, 299, 1, 4.49%, 0, 0, 2, 148.30
1619938008, 0, 0, 300, 300, 1, 4.49%, 0, 0, 2, 19.45
1619938018, 0, 0, 302, 302, 1, 4.49%, 0, 0, 2, 19.90
1619938023, 0, 0, 303, 303, 1, 4.49%, 0, 0, 2, 21.28
1619938028, 0, 0, 304, 304, 1, 4.50%, 0, 0, 2, 20.21
1619938033, 0, 0, 305, 305, 1, 4.50%, 0, 0, 2, 20.38
1619938039, 0, 0, 306, 306, 1, 4.51%, 0, 0, 2, 21.12
1619938044, 0, 0, 307, 307, 1, 4.51%, 0, 0, 2, 19.66
1619938049, 0, 0, 309, 309, 1, 4.51%, 0, 0, 2, 20.69
1619940363, 0, 0, 312, 312, 1, 4.51%, 0, 0, 2, 122.91
1619940389, 0, 0, 314, 314, 1, 4.51%, 0, 0, 2, 22.66
1619940429, 0, 0, 315, 315, 1, 4.51%, 0, 0, 2, 20.24
1619941611, 0, 0, 316, 316, 1, 4.51%, 0, 0, 2, 20.00
1619941938, 0, 0, 318, 318, 1, 4.51%, 0, 0, 2, 20.36
1619941944, 0, 0, 320, 320, 1, 4.51%, 0, 0, 2, 20.46
1619941949, 0, 0, 323, 323, 1, 4.51%, 0, 0, 2, 20.32
1619941954, 0, 0, 324, 324, 1, 4.51%, 0, 0, 2, 21.81
1619941959, 0, 0, 328, 328, 1, 4.51%, 0, 0, 2, 21.96
1619942071, 0, 0, 329, 329, 1, 4.51%, 0, 0, 2, 20.76
1619942108, 0, 0, 330, 330, 1, 4.51%, 0, 0, 2, 21.10
1619942481, 0, 0, 331, 331, 1, 4.51%, 0, 0, 2, 20.67
1619942497, 0, 0, 332, 332, 1, 4.51%, 0, 0, 2, 20.74
1619942507, 0, 0, 334, 334, 1, 4.52%, 0, 0, 2, 20.52
1619942512, 0, 0, 335, 335, 1, 4.52%, 0, 0, 2, 21.52
1619943095, 0, 0, 336, 336, 1, 4.52%, 0, 0, 2, 127.77
1619943100, 0, 0, 338, 338, 1, 4.52%, 0, 0, 2, 23.88
1619943116, 0, 0, 339, 339, 1, 4.53%, 0, 0, 2, 44.49
1619943142, 0, 0, 354, 354, 1, 4.54%, 0, 0, 2, 76.25
1619943147, 0, 0, 365, 365, 1, 4.56%, 0, 0, 2, 63.52
1619943152, 0, 0, 370, 370, 1, 4.56%, 0, 0, 2, 79.25
1619943157, 0, 0, 375, 375, 1, 4.56%, 0, 0, 2, 71.36
1619943162, 0, 0, 383, 383, 1, 4.57%, 0, 0, 2, 84.16
1619943167, 0, 0, 387, 387, 1, 4.57%, 0, 0, 2, 111.51
1619943172, 0, 0, 389, 389, 1, 4.57%, 0, 0, 2, 94.70
1619943177, 0, 0, 397, 397, 1, 4.57%, 0, 0, 2, 83.45
1619943182, 0, 0, 401, 401, 1, 4.57%, 0, 0, 2, 87.20
1619943187, 0, 0, 405, 405, 1, 4.57%, 0, 0, 2, 103.71
1619943192, 0, 0, 411, 411, 1, 4.57%, 0, 0, 2, 24.81
1619943197, 0, 0, 413, 413, 1, 4.57%, 0, 0, 2, 84.76
1619943203, 0, 0, 418, 418, 1, 4.57%, 0, 0, 2, 88.61
1619943208, 0, 0, 422, 422, 1, 4.57%, 0, 0, 2, 92.45
1619943213, 0, 0, 425, 425, 1, 4.57%, 0, 0, 2, 62.02
1619943218, 0, 0, 428, 428, 1, 4.58%, 0, 0, 2, 71.67
1619943223, 0, 0, 433, 433, 1, 4.58%, 0, 0, 2, 82.79
1619943228, 0, 8, 434, 433, 89, 4.58%, 0, 0, 3, 112.40
1619943248, 0, 8, 435, 434, 89, 4.58%, 0, 0, 3, 124.61
1619943334, 0, 8, 436, 435, 89, 4.59%, 0, 0, 3, 154.23
1619943401, 0, 8, 438, 437, 89, 4.59%, 0, 0, 3, 177.70
1619943548, 0, 8, 439, 438, 89, 4.59%, 0, 0, 3, 146.28
1619943563, 0, 8, 441, 440, 89, 4.59%, 0, 0, 3, 152.30
1619943603, 0, 8, 442, 441, 89, 4.59%, 0, 0, 3, 87.90
1619943609, 0, 8, 443, 442, 89, 4.59%, 0, 0, 3, 89.15
1619944350, 0, 8, 444, 443, 89, 4.59%, 0, 0, 3, 154.52
1619944360, 0, 8, 446, 445, 89, 4.60%, 0, 0, 3, 138.73
1619944447, 0, 8, 449, 448, 89, 4.60%, 0, 0, 3, 173.85
1619944452, 0, 8, 450, 449, 89, 4.60%, 0, 0, 3, 214.09
1619944457, 0, 8, 451, 450, 89, 4.60%, 0, 0, 3, 212.56
1619944462, 0, 8, 452, 451, 89, 4.60%, 0, 0, 3, 206.03
1619944467, 0, 8, 454, 453, 89, 4.60%, 0, 0, 3, 207.45
1619944472, 0, 11, 456, 454, 90, 4.60%, 0, 0, 3, 18.98
1619945234, 0, 11, 457, 455, 90, 4.60%, 0, 0, 3, 182.10
1619945260, 0, 11, 458, 456, 90, 4.60%, 0, 0, 3, 21.21
1619945806, 0, 11, 459, 457, 90, 4.61%, 0, 0, 3, 19.27
1619951266, 0, 18, 459, 456, 90, 4.61%, 0, 0, 3, 123.85
1619951378, 0, 18, 461, 458, 90, 4.61%, 0, 0, 3, 249.39
1619951383, 0, 22, 461, 457, 91, 4.61%, 0, 0, 3, 165.97
1619952510, 0, 22, 462, 458, 91, 4.61%, 0, 0, 3, 184.97
1619952515, 0, 24, 462, 457, 90, 4.61%, 0, 0, 3, 164.12
1619953686, 0, 27, 462, 456, 89, 4.61%, 0, 0, 3, 166.53
1619953716, 0, 27, 463, 457, 89, 4.61%, 0, 0, 3, 121.30
1619954068, 0, 27, 464, 458, 89, 4.61%, 0, 0, 3, 139.11
1619954890, 0, 27, 465, 459, 89, 4.61%, 0, 0, 3, 140.44
1619954992, 0, 28, 465, 458, 89, 4.61%, 0, 0, 3, 147.68
1619955013, 0, 28, 466, 459, 89, 4.61%, 0, 0, 3, 135.27
1619956138, 0, 28, 467, 460, 89, 4.61%, 0, 0, 3, 189.51
1619956143, 0, 29, 467, 459, 89, 4.61%, 0, 0, 3, 155.16
1619957280, 0, 29, 469, 461, 89, 4.61%, 0, 0, 3, 192.70
1619957285, 0, 29, 472, 464, 89, 4.61%, 0, 0, 3, 210.77
1619957295, 0, 29, 473, 465, 89, 4.61%, 0, 0, 3, 213.29
1619957300, 0, 30, 473, 464, 88, 4.61%, 0, 0, 3, 196.87
1619957310, 0, 30, 474, 465, 88, 4.61%, 0, 0, 3, 146.64
1619958441, 0, 31, 474, 464, 88, 4.61%, 0, 0, 3, 144.35
1619959703, 0, 32, 474, 463, 87, 4.61%, 0, 0, 3, 19.36
1619959708, 0, 32, 475, 464, 87, 4.61%, 0, 0, 3, 20.39
1619961279, 0, 32, 476, 465, 87, 4.62%, 0, 0, 3, 20.06
1619961627, 0, 32, 477, 466, 87, 4.62%, 0, 0, 3, 61.22
1619967537, 0, 57, 477, 465, 89, 4.62%, 0, 0, 3, 27.91
1619968488, 0, 57, 478, 466, 89, 4.63%, 0, 0, 3, 195.03
1619975160, 0, 60, 478, 465, 90, 4.63%, 0, 0, 3, 30.94
1619975165, 0, 60, 479, 466, 90, 4.63%, 0, 0, 3, 31.88
1619976003, 0, 60, 480, 467, 90, 4.65%, 0, 0, 3, 150.61
1619976443, 0, 60, 481, 468, 90, 4.65%, 0, 0, 3, 158.08
1619982578, 0, 60, 482, 469, 90, 4.65%, 0, 0, 3, 152.71
1619982583, 0, 60, 484, 471, 90, 4.65%, 0, 0, 3, 33.16
1619982588, 0, 60, 486, 473, 90, 4.65%, 0, 0, 3, 85.44
1619982593, 0, 60, 488, 475, 90, 4.65%, 0, 0, 3, 88.17
1619982598, 0, 60, 489, 476, 90, 4.65%, 0, 0, 3, 90.87
1619982604, 0, 60, 490, 477, 90, 4.65%, 0, 0, 3, 103.52
1619982609, 0, 60, 491, 478, 90, 4.65%, 0, 0, 3, 102.09
1619982619, 0, 64, 491, 477, 90, 4.65%, 0, 0, 3, 166.55
1619983388, 0, 68, 491, 476, 90, 4.65%, 0, 0, 3, 205.50
1619983409, 0, 68, 492, 477, 90, 4.66%, 0, 0, 3, 150.05
1619984534, 0, 68, 493, 478, 90, 4.66%, 0, 0, 3, 187.28
1619984539, 0, 69, 493, 477, 90, 4.66%, 0, 0, 3, 156.29
1619984924, 0, 69, 494, 478, 90, 4.66%, 0, 0, 3, 159.98
1619984935, 0, 69, 495, 479, 90, 4.66%, 0, 0, 3, 154.50
1619985656, 0, 107, 495, 478, 89, 4.66%, 0, 0, 3, 173.15
1619986738, 0, 108, 495, 477, 88, 4.66%, 0, 0, 3, 179.19
1619987856, 0, 110, 495, 476, 87, 4.66%, 0, 0, 3, 177.29
1619988957, 0, 114, 495, 475, 86, 4.66%, 0, 0, 3, 26.84
1619990139, 0, 114, 496, 476, 86, 4.66%, 0, 0, 3, 20.33
1619991051, 0, 114, 498, 478, 86, 4.69%, 0, 0, 3, 21.62
1619991056, 0, 114, 500, 480, 86, 4.75%, 0, 0, 3, 20.54
1619991061, 0, 114, 502, 482, 86, 4.75%, 0, 0, 3, 20.23
1619991071, 0, 114, 504, 484, 86, 4.77%, 0, 0, 3, 20.48
1619995669, 0, 114, 505, 485, 86, 4.77%, 0, 0, 3, 127.64
1619995674, 0, 117, 506, 485, 93, 4.77%, 0, 0, 3, 104.47
1620002257, 0, 122, 506, 484, 92, 4.77%, 0, 0, 3, 101.59
1620002587, 0, 122, 507, 485, 92, 4.78%, 0, 0, 3, 144.61
1620002622, 0, 122, 508, 486, 92, 4.78%, 0, 0, 3, 154.32
1620003499, 0, 122, 510, 488, 92, 4.78%, 0, 0, 3, 196.44
1620003504, 0, 122, 511, 489, 92, 4.78%, 0, 0, 3, 205.35
1620003514, 0, 122, 512, 490, 92, 4.78%, 0, 0, 3, 203.04
1620003519, 0, 124, 512, 489, 92, 4.78%, 0, 0, 3, 30.32
1620005012, 0, 124, 513, 490, 92, 4.78%, 0, 0, 3, 22.10
1620011212, 0, 152, 513, 489, 91, 4.78%, 0, 0, 3, 130.19
1620012103, 0, 159, 514, 489, 90, 4.78%, 0, 0, 3, 37.27
1620012108, 0, 159, 516, 491, 90, 4.79%, 0, 0, 3, 49.22
1620012134, 0, 159, 517, 492, 90, 4.79%, 0, 0, 3, 32.69
1620013179, 0, 159, 518, 493, 90, 4.79%, 0, 0, 3, 165.52
1620013190, 0, 159, 519, 494, 90, 4.79%, 0, 0, 3, 46.47
1620013313, 0, 159, 520, 495, 90, 4.79%, 0, 0, 3, 38.04
1620013328, 0, 159, 521, 496, 90, 4.79%, 0, 0, 3, 58.13
1620013467, 0, 159, 522, 497, 90, 4.79%, 0, 0, 3, 44.01
1620013575, 0, 159, 523, 498, 90, 4.80%, 0, 0, 3, 37.31
1620014066, 0, 159, 524, 499, 90, 4.80%, 0, 0, 3, 31.84
1620016613, 0, 159, 525, 500, 90, 4.80%, 0, 0, 3, 87.66
1620016618, 0, 159, 527, 502, 90, 4.80%, 0, 0, 3, 126.32
1620016623, 0, 159, 530, 505, 90, 4.80%, 0, 0, 3, 118.46
1620016628, 0, 159, 531, 506, 90, 4.80%, 0, 0, 3, 123.43
1620016638, 0, 159, 532, 507, 90, 4.80%, 0, 0, 3, 118.29
1620016664, 0, 160, 533, 507, 91, 4.80%, 0, 0, 3, 127.17
1620017045, 0, 160, 534, 508, 91, 4.80%, 0, 0, 3, 135.49
1620017888, 0, 161, 534, 507, 90, 4.80%, 0, 0, 3, 181.58
1620018259, 0, 161, 535, 508, 90, 4.80%, 0, 0, 3, 165.35
1620019151, 0, 170, 535, 507, 89, 4.80%, 0, 0, 3, 173.16
1620019503, 0, 170, 536, 508, 89, 4.82%, 0, 0, 3, 245.52
1620019518, 0, 170, 537, 509, 89, 4.82%, 0, 0, 3, 22.03
1620020323, 0, 170, 538, 510, 89, 4.82%, 0, 0, 3, 129.53
1620020435, 0, 183, 538, 509, 89, 4.82%, 0, 0, 3, 118.81
1620021756, 0, 185, 538, 508, 88, 4.82%, 0, 0, 3, 199.44
1620022668, 0, 188, 538, 507, 87, 4.82%, 0, 0, 3, 38.88
