# unix_time, cycles_done, cur_path, paths_total, pending_total, pending_favs, map_size, unique_crashes, unique_hangs, max_depth, execs_per_sec
1619935323, 0, 0, 1, 1, 1, 2.65%, 0, 0, 1, 46.35
1619935328, 0, 0, 38, 38, 1, 3.52%, 0, 0, 2, 66.41
1619935333, 0, 0, 42, 42, 1, 3.54%, 0, 0, 2, 69.26
1619935338, 0, 0, 52, 52, 1, 3.56%, 0, 0, 2, 74.36
1619935344, 0, 0, 60, 60, 1, 3.56%, 0, 0, 2, 69.59
1619935349, 0, 0, 66, 66, 1, 3.57%, 0, 0, 2, 96.79
1619935359, 0, 0, 67, 67, 1, 3.58%, 0, 0, 2, 74.50
1619935364, 0, 0, 69, 69, 1, 3.58%, 0, 0, 2, 67.90
1619935369, 0, 0, 76, 76, 1, 3.59%, 0, 0, 2, 68.51
1619935380, 0, 0, 78, 78, 1, 3.59%, 0, 0, 2, 67.68
1619935385, 0, 0, 84, 84, 1, 3.60%, 0, 0, 2, 68.96
1619935390, 0, 0, 90, 90, 1, 3.60%, 0, 0, 2, 79.12
1619935395, 0, 0, 98, 98, 1, 3.62%, 0, 0, 2, 67.50
1619935400, 0, 0, 100, 100, 1, 3.62%, 0, 0, 2, 65.29
1619935405, 0, 0, 104, 104, 1, 3.62%, 0, 0, 2, 75.24
1619935410, 0, 0, 118, 118, 1, 3.63%, 0, 0, 2, 68.10
1619935415, 0, 0, 121, 121, 1, 3.63%, 0, 0, 2, 65.62
1619935426, 0, 0, 122, 122, 1, 3.64%, 0, 0, 2, 63.32
1619935436, 0, 0, 123, 123, 1, 3.64%, 0, 0, 2, 66.84
1619935471, 0, 0, 124, 124, 1, 3.64%, 0, 0, 2, 59.12
1619935477, 0, 0, 125, 125, 1, 3.64%, 0, 0, 2, 43.79
1619935487, 0, 0, 127, 127, 1, 3.64%, 0, 0, 2, 22.72
1619935507, 0, 0, 128, 128, 1, 3.64%, 0, 0, 2, 21.23
1619935517, 0, 0, 129, 129, 1, 3.64%, 0, 0, 2, 22.32
1619935558, 0, 0, 130, 130, 1, 3.64%, 0, 0, 2, 22.65
1619935588, 0, 0, 131, 131, 1, 3.65%, 0, 0, 2, 21.08
1619935619, 0, 0, 132, 132, 1, 3.65%, 0, 0, 2, 21.45
1619935655, 0, 0, 134, 134, 1, 3.65%, 0, 0, 2, 23.24
1619935660, 0, 0, 135, 135, 1, 3.65%, 0, 0, 2, 23.35
1619935691, 0, 0, 146, 146, 1, 3.65%, 0, 0, 2, 185.35
1619935696, 0, 0, 147, 147, 1, 3.65%, 0, 0, 2, 25.37
1619935726, 0, 0, 148, 148, 1, 3.65%, 0, 0, 2, 63.66
1619935798, 0, 0, 149, 149, 1, 3.65%, 0, 0, 2, 260.64
1619935808, 0, 0, 150, 150, 1, 3.65%, 0, 0, 2, 153.23
1619935900, 0, 0, 163, 163, 1, 3.70%, 0, 0, 2, 195.42
1619935905, 0, 0, 168, 168, 1, 3.72%, 0, 0, 2, 163.79
1619935911, 0, 0, 175, 175, 1, 3.73%, 0, 0, 2, 202.36
1619935916, 0, 0, 176, 176, 1, 3.74%, 0, 0, 2, 24.19
1619935921, 0, 0, 179, 179, 1, 3.74%, 0, 0, 2, 28.44
1619935926, 0, 0, 181, 181, 1, 3.74%, 0, 0, 2, 23.01
1619935931, 0, 0, 182, 182, 1, 3.74%, 0, 0, 2, 26.33
1619935936, 0, 0, 183, 183, 1, 3.74%, 0, 0, 2, 30.95
1619935946, 0, 0, 185, 185, 1, 4.20%, 0, 0, 2, 158.92
1619935956, 0, 0, 186, 186, 1, 4.20%, 0, 0, 2, 158.73
1619935961, 0, 0, 187, 187, 1, 4.21%, 0, 0, 2, 21.90
1619935966, 0, 0, 189, 189, 1, 4.21%, 0, 0, 2, 21.33
1619935971, 0, 0, 191, 191, 1, 4.21%, 0, 0, 2, 23.45
1619935982, 0, 0, 192, 192, 1, 4.21%, 0, 0, 2, 23.63
1619935987, 0, 0, 193, 193, 1, 4.21%, 0, 0, 2, 21.65
1619936012, 0, 0, 194, 194, 1, 4.22%, 0, 0, 2, 22.60
1619936032, 0, 0, 195, 195, 1, 4.22%, 0, 0, 2, 21.38
1619936078, 0, 0, 196, 196, 1, 4.24%, 0, 0, 2, 21.71
1619936406, 0, 0, 203, 203, 1, 4.29%, 0, 0, 2, 113.37
1619936421, 0, 0, 205, 205, 1, 4.29%, 0, 0, 2, 18.95
1619936426, 0, 0, 208, 208, 1, 4.29%, 0, 0, 2, 20.08
1619936436, 0, 0, 209, 209, 1, 4.29%, 0, 0, 2, 19.13
1619936549, 0, 0, 210, 210, 1, 4.29%, 0, 0, 2, 21.66
1619936559, 0, 0, 211, 211, 1, 4.30%, 0, 0, 2, 22.32
1619936565, 0, 0, 213, 213, 1, 4.30%, 0, 0, 2, 21.24
1619936570, 0, 0, 214, 214, 1, 4.30%, 0, 0, 2, 21.91
1619936600, 0, 0, 215, 215, 1, 4.30%, 0, 0, 2, 21.67
1619936728, 0, 0, 216, 216, 1, 4.31%, 0, 0, 2, 23.12
1619936758, 0, 0, 217, 217, 1, 4.31%, 0, 0, 2, 21.00
1619936779, 0, 0, 220, 220, 1, 4.31%, 0, 0, 2, 21.65
1619936784, 0, 0, 226, 226, 1, 4.32%, 0, 0, 2, 21.61
1619936794, 0, 0, 228, 228, 1, 4.32%, 0, 0, 2, 22.42
1619936809, 0, 0, 229, 229, 1, 4.32%, 0, 0, 2, 22.72
1619936814, 0, 0, 230, 230, 1, 4.32%, 0, 0, 2, 21.58
1619936819, 0, 0, 231, 231, 1, 4.32%, 0, 0, 2, 21.24
1619936824, 0, 0, 232, 232, 1, 4.32%, 0, 0, 2, 22.54
1619936830, 0, 0, 233, 233, 1, 4.35%, 0, 0, 2, 23.39
1619936840, 0, 0, 234, 234, 1, 4.35%, 0, 0, 2, 24.76
1619936870, 0, 0, 235, 235, 1, 4.35%, 0, 0, 2, 27.65
1619936876, 0, 0, 236, 236, 1, 4.35%, 0, 0, 2, 25.18
1619936901, 0, 0, 239, 239, 1, 4.36%, 0, 0, 2, 298.43
1619936906, 0, 0, 241, 241, 1, 4.36%, 0, 0, 2, 215.43
1619936912, 0, 0, 247, 247, 1, 4.54%, 0, 0, 2, 136.92
1619936917, 0, 0, 255, 255, 1, 4.54%, 0, 0, 2, 40.04
1619936922, 0, 0, 257, 257, 1, 4.54%, 0, 0, 2, 50.55
1619936927, 0, 0, 261, 261, 1, 4.54%, 0, 0, 2, 33.14
1619936932, 0, 0, 263, 263, 1, 4.54%, 0, 0, 2, 28.35
1619936952, 0, 0, 265, 265, 1, 4.57%, 0, 0, 2, 46.06
1619936957, 0, 0, 268, 268, 1, 4.58%, 0, 0, 2, 30.00
1619936983, 0, 0, 271, 271, 1, 4.58%, 0, 0, 2, 31.26
1619937003, 0, 0, 272, 272, 1, 4.58%, 0, 0, 2, 22.91
1619937013, 0, 0, 274, 274, 1, 4.58%, 0, 0, 2, 28.88
1619937044, 0, 0, 275, 275, 1, 4.58%, 0, 0, 2, 31.09
1619937192, 0, 0, 276, 276, 1, 4.58%, 0, 0, 2, 28.52
1619937258, 0, 0, 277, 277, 1, 4.61%, 0, 0, 2, 27.48
1619937350, 0, 0, 280, 280, 1, 4.61%, 0, 0, 2, 35.88
1619937356, 0, 0, 281, 281, 1, 4.73%, 0, 0, 2, 34.42
1619937361, 0, 0, 284, 284, 1, 4.73%, 0, 0, 2, 32.96
1619937371, 0, 0, 287, 287, 1, 4.73%, 0, 0, 2, 39.27
1619937376, 0, 0, 288, 288, 1, 4.73%, 0, 0, 2, 34.06
1619937396, 0, 0, 290, 290, 1, 4.73%, 0, 0, 2, 34.74
1619937407, 0, 0, 291, 291, 1, 4.73%, 0, 0, 2, 32.16
1619937417, 0, 0, 293, 293, 1, 4.73%, 0, 0, 2, 39.54
1619937422, 0, 0, 296, 296, 1, 4.74%, 0, 0, 2, 34.65
1619937442, 0, 0, 299, 299, 1, 4.74%, 0, 0, 2, 198.89
1619937468, 0, 0, 300, 300, 1, 4.75%, 0, 0, 2, 149.98
1619937473, 0, 0, 301, 301, 1, 4.75%, 0, 0, 2, 145.81
1619937478, 0, 0, 302, 302, 1, 4.75%, 0, 0, 2, 147.19
1619937483, 0, 0, 303, 303, 1, 4.75%, 0, 0, 2, 148.84
1619937493, 0, 0, 304, 304, 1, 4.75%, 0, 0, 2, 19.80
1619937504, 0, 0, 306, 306, 1, 4.75%, 0, 0, 2, 21.74
1619937509, 0, 0, 307, 307, 1, 4.75%, 0, 0, 2, 20.73
1619937514, 0, 0, 308, 308, 1, 4.75%, 0, 0, 2, 21.93
1619937519, 0, 0, 310, 310, 1, 4.76%, 0, 0, 2, 22.84
1619937529, 0, 0, 311, 311, 1, 4.76%, 0, 0, 2, 20.63
1619937535, 0, 0, 313, 313, 1, 4.76%, 0, 0, 2, 20.44
1619939206, 0, 0, 314, 314, 1, 4.77%, 0, 0, 2, 20.42
1619939846, 0, 0, 315, 315, 1, 4.77%, 0, 0, 2, 135.96
1619939872, 0, 0, 317, 317, 1, 4.77%, 0, 0, 2, 21.62
1619939908, 0, 0, 319, 319, 1, 4.77%, 0, 0, 2, 21.34
1619941080, 0, 0, 320, 320, 1, 4.77%, 0, 0, 2, 21.36
1619941402, 0, 0, 321, 321, 1, 4.77%, 0, 0, 2, 21.85
1619941407, 0, 0, 323, 323, 1, 4.77%, 0, 0, 2, 21.89
1619941412, 0, 0, 327, 327, 1, 4.77%, 0, 0, 2, 21.52
1619941422, 0, 0, 332, 332, 1, 4.77%, 0, 0, 2, 20.17
1619941571, 0, 0, 333, 333, 1, 4.77%, 0, 0, 2, 20.93
1619941908, 0, 0, 334, 334, 1, 4.77%, 0, 0, 2, 22.13
1619941939, 0, 0, 335, 335, 1, 4.77%, 0, 0, 2, 22.44
1619941949, 0, 0, 336, 336, 1, 4.77%, 0, 0, 2, 20.53
1619941954, 0, 0, 337, 337, 1, 4.77%, 0, 0, 2, 20.11
1619941959, 0, 0, 338, 338, 1, 4.78%, 0, 0, 2, 20.37
1619941965, 0, 0, 340, 340, 1, 4.79%, 0, 0, 2, 20.37
1619942533, 0, 0, 342, 342, 1, 4.79%, 0, 0, 2, 226.28
1619942538, 0, 0, 343, 343, 1, 4.79%, 0, 0, 2, 27.26
1619942548, 0, 0, 344, 344, 1, 4.79%, 0, 0, 2, 39.97
1619942569, 0, 0, 362, 362, 1, 4.81%, 0, 0, 2, 55.84
1619942574, 0, 0, 375, 375, 1, 4.81%, 0, 0, 2, 92.13
1619942579, 0, 0, 387, 387, 1, 4.82%, 0, 0, 2, 110.45
1619942584, 0, 0, 390, 390, 1, 4.82%, 0, 0, 2, 109.44
1619942589, 0, 0, 396, 396, 1, 4.83%, 0, 0, 2, 81.19
1619942594, 0, 0, 404, 404, 1, 4.83%, 0, 0, 2, 78.80
1619942599, 0, 0, 411, 411, 1, 4.83%, 0, 0, 2, 93.33
1619942604, 0, 0, 416, 416, 1, 4.83%, 0, 0, 2, 101.66
1619942609, 0, 0, 418, 418, 1, 4.83%, 0, 0, 2, 106.59
1619942615, 0, 0, 419, 419, 1, 4.83%, 0, 0, 2, 103.11
1619942620, 0, 0, 424, 424, 1, 4.83%, 0, 0, 2, 98.43
1619942625, 0, 0, 428, 428, 1, 4.83%, 0, 0, 2, 108.76
1619942630, 0, 0, 430, 430, 1, 4.83%, 0, 0, 2, 119.09
1619942635, 0, 0, 433, 433, 1, 4.83%, 0, 0, 2, 90.43
1619942640, 0, 0, 439, 439, 1, 4.83%, 0, 0, 2, 105.87
1619942645, 0, 0, 441, 441, 1, 4.83%, 0, 0, 2, 97.92
1619942650, 0, 0, 442, 442, 1, 4.83%, 0, 0, 2, 88.06
1619942655, 0, 0, 443, 443, 1, 4.83%, 0, 0, 2, 93.99
1619942661, 0, 0, 444, 444, 1, 4.83%, 0, 0, 2, 79.87
1619942666, 0, 0, 446, 446, 1, 4.83%, 0, 0, 2, 82.31
1619942671, 0, 0, 448, 448, 1, 4.83%, 0, 0, 2, 96.41
1619942676, 0, 0, 450, 450, 1, 4.83%, 0, 0, 2, 91.23
1619942681, 0, 0, 451, 451, 1, 4.83%, 0, 0, 2, 98.76
1619942686, 0, 0, 452, 452, 1, 4.83%, 0, 0, 2, 103.82
1619942691, 0, 0, 454, 454, 1, 4.83%, 0, 0, 2, 99.36
1619942696, 0, 0, 456, 456, 1, 4.83%, 0, 0, 2, 93.53
1619942702, 0, 0, 457, 457, 1, 4.83%, 0, 0, 2, 97.34
1619942712, 0, 0, 459, 459, 1, 4.83%, 0, 0, 2, 103.29
1619942722, 0, 0, 462, 462, 1, 4.83%, 0, 0, 2, 90.91
1619942727, 0, 0, 463, 463, 1, 4.83%, 0, 0, 2, 93.91
1619942732, 0, 0, 465, 465, 1, 4.84%, 0, 0, 2, 152.65
1619942743, 0, 0, 466, 466, 1, 4.84%, 0, 0, 2, 90.48
1619942748, 0, 11, 466, 465, 102, 4.84%, 0, 0, 2, 93.32
1619942758, 0, 11, 467, 466, 102, 4.84%, 0, 0, 3, 41.61
1619942870, 0, 11, 468, 467, 102, 4.84%, 0, 0, 3, 36.63
1619943249, 0, 11, 469, 468, 102, 4.84%, 0, 0, 3, 34.68
1619943280, 0, 11, 470, 469, 102, 4.84%, 0, 0, 3, 108.10
1619943305, 0, 11, 471, 470, 102, 4.84%, 0, 0, 3, 49.74
1619943828, 0, 11, 472, 471, 102, 4.84%, 0, 0, 3, 33.40
1619943853, 0, 11, 473, 472, 102, 4.84%, 0, 0, 3, 78.81
1619943879, 0, 11, 474, 473, 102, 4.84%, 0, 0, 3, 51.04
1619944221, 0, 11, 475, 474, 102, 4.84%, 0, 0, 3, 34.98
1619944308, 0, 11, 476, 475, 102, 4.84%, 0, 0, 3, 30.54
1619944733, 0, 11, 477, 476, 102, 4.84%, 0, 0, 3, 30.13
1619947312, 0, 11, 479, 478, 102, 4.84%, 0, 0, 3, 133.36
1619947327, 0, 11, 480, 479, 102, 4.84%, 0, 0, 3, 144.39
1619947332, 0, 11, 481, 480, 102, 4.84%, 0, 0, 3, 127.76
1619947337, 0, 11, 483, 482, 102, 4.84%, 0, 0, 3, 130.82
1619947342, 0, 11, 488, 487, 102, 4.86%, 0, 0, 3, 128.29
1619947358, 0, 11, 489, 488, 102, 4.86%, 0, 0, 3, 126.30
1619947363, 0, 11, 491, 490, 102, 4.86%, 0, 0, 3, 118.14
1619947368, 0, 11, 492, 491, 102, 4.86%, 0, 0, 3, 126.95
1619947373, 0, 11, 494, 493, 102, 4.86%, 0, 0, 3, 118.58
1619947404, 0, 12, 494, 492, 103, 4.86%, 0, 0, 3, 57.86
1619947522, 0, 12, 495, 493, 103, 4.86%, 0, 0, 3, 31.20
1619947814, 0, 12, 496, 494, 103, 4.86%, 0, 0, 3, 32.05
1619948018, 0, 12, 497, 495, 103, 4.86%, 0, 0, 3, 31.15
1619951331, 0, 12, 498, 496, 103, 4.86%, 0, 0, 3, 28.45
1619951725, 0, 12, 499, 497, 103, 4.86%, 0, 0, 3, 28.76
1619951730, 0, 12, 500, 498, 103, 4.86%, 0, 0, 3, 31.08
1619951781, 0, 12, 501, 499, 103, 4.87%, 0, 0, 3, 27.92
1619951786, 0, 12, 502, 500, 103, 4.87%, 0, 0, 3, 27.48
1619952027, 0, 12, 503, 501, 103, 4.87%, 0, 0, 3, 26.97
1619952180, 0, 12, 504, 502, 103, 4.87%, 0, 0, 3, 29.94
1619952190, 0, 19, 504, 501, 104, 4.87%, 0, 0, 3, 159.02
1619953124, 0, 22, 504, 500, 103, 4.87%, 0, 0, 3, 195.37
1619954267, 0, 23, 504, 499, 102, 4.87%, 0, 0, 3, 180.08
1619955424, 0, 24, 504, 498, 101, 4.87%, 0, 0, 3, 181.34
1619956557, 0, 27, 504, 497, 100, 4.87%, 0, 0, 3, 170.06
1619956582, 0, 27, 505, 498, 100, 4.87%, 0, 0, 3, 141.35
1619956923, 0, 27, 506, 499, 100, 4.87%, 0, 0, 3, 137.21
1619957706, 0, 27, 508, 501, 100, 4.87%, 0, 0, 3, 140.85
1619957716, 0, 27, 509, 502, 100, 4.87%, 0, 0, 3, 131.68
1619957813, 0, 27, 510, 503, 100, 4.87%, 0, 0, 3, 192.95
1619957818, 0, 27, 512, 505, 100, 4.87%, 0, 0, 3, 193.72
1619957833, 0, 27, 513, 506, 100, 4.87%, 0, 0, 3, 202.47
1619957843, 0, 27, 514, 507, 100, 4.87%, 0, 0, 3, 199.99
1619957848, 0, 27, 515, 508, 100, 4.87%, 0, 0, 3, 200.79
1619957854, 0, 27, 516, 509, 100, 4.87%, 0, 0, 3, 198.81
1619957869, 0, 27, 517, 510, 100, 4.87%, 0, 0, 3, 210.54
1619957874, 0, 28, 517, 509, 99, 4.87%, 0, 0, 3, 162.34
1619957889, 0, 28, 518, 510, 99, 4.87%, 0, 0, 3, 145.70
1619959005, 0, 29, 518, 509, 99, 4.87%, 0, 0, 3, 181.09
1619960114, 0, 29, 519, 510, 99, 4.87%, 0, 0, 3, 205.60
1619960125, 0, 31, 519, 509, 98, 4.87%, 0, 0, 3, 195.94
1619961318, 0, 32, 519, 508, 97, 4.87%, 0, 0, 3, 30.39
1619961918, 0, 32, 520, 509, 97, 4.87%, 0, 0, 3, 50.81
1619962501, 0, 32, 521, 510, 97, 4.88%, 0, 0, 3, 141.47
1619962875, 0, 32, 522, 511, 97, 4.89%, 0, 0, 3, 164.03
1619963084, 0, 32, 523, 512, 97, 4.89%, 0, 0, 3, 21.40
1619968082, 0, 41, 523, 511, 97, 4.89%, 0, 0, 3, 141.98
1619968320, 0, 61, 523, 510, 96, 4.89%, 0, 0, 3, 30.50
1619969966, 0, 61, 524, 511, 96, 4.91%, 0, 0, 3, 24.23
1619970140, 0, 61, 525, 512, 96, 4.91%, 0, 0, 3, 62.53
1619970150, 0, 61, 526, 513, 96, 4.91%, 0, 0, 3, 20.44
1619970626, 0, 61, 527, 514, 96, 4.91%, 0, 0, 3, 38.95
1619975724, 0, 61, 528, 515, 96, 4.91%, 0, 0, 3, 77.54
1619975729, 0, 61, 531, 518, 96, 4.91%, 0, 0, 3, 83.80
1619975734, 0, 61, 532, 519, 96, 4.91%, 0, 0, 3, 92.89
1619975754, 0, 61, 533, 520, 96, 4.91%, 0, 0, 3, 107.02
1619975765, 0, 61, 534, 521, 96, 4.91%, 0, 0, 3, 62.09
1619975780, 0, 61, 535, 522, 96, 4.91%, 0, 0, 3, 102.55
1619975795, 0, 61, 536, 523, 96, 4.91%, 0, 0, 3, 107.02
1619975842, 0, 66, 536, 522, 94, 4.91%, 0, 0, 3, 60.90
1619983439, 0, 68, 536, 521, 93, 4.91%, 0, 0, 3, 65.23
1619991238, 0, 68, 538, 523, 93, 4.91%, 0, 0, 3, 70.98
1619991244, 0, 68, 539, 524, 93, 4.91%, 0, 0, 3, 79.17
1619991254, 0, 68, 540, 525, 93, 4.91%, 0, 0, 3, 98.58
1619991259, 0, 68, 541, 526, 93, 4.91%, 0, 0, 3, 93.56
1619991269, 0, 68, 542, 527, 93, 4.91%, 0, 0, 3, 97.94
1619991280, 0, 68, 543, 528, 93, 4.91%, 0, 0, 3, 87.93
1619991285, 0, 68, 544, 529, 93, 4.91%, 0, 0, 3, 90.91
1619991290, 0, 68, 545, 530, 93, 4.91%, 0, 0, 3, 141.10
1619991300, 0, 68, 546, 531, 93, 4.91%, 0, 0, 3, 98.70
1619991305, 0, 68, 547, 532, 93, 4.91%, 0, 0, 3, 92.40
1619991316, 0, 68, 548, 533, 93, 4.91%, 0, 0, 3, 105.68
1619991336, 0, 68, 549, 534, 93, 4.91%, 0, 0, 3, 97.90
1619991351, 0, 68, 551, 536, 93, 4.91%, 0, 0, 3, 100.86
1619991362, 0, 70, 551, 535, 94, 4.91%, 0, 0, 3, 130.66
1619991382, 0, 70, 552, 536, 94, 4.91%, 0, 0, 3, 153.07
1619992440, 0, 71, 552, 535, 94, 4.91%, 0, 0, 3, 202.88
1619992816, 0, 71, 553, 536, 94, 4.91%, 0, 0, 3, 158.77
1619992826, 0, 71, 554, 537, 94, 4.91%, 0, 0, 3, 152.60
1619993543, 0, 74, 554, 536, 93, 4.91%, 0, 0, 3, 201.05
1619993564, 0, 74, 555, 537, 93, 4.91%, 0, 0, 3, 149.55
1619994691, 0, 77, 555, 536, 92, 4.91%, 0, 0, 3, 28.05
1620001281, 0, 77, 556, 537, 92, 4.91%, 0, 0, 3, 92.69
1620001292, 0, 77, 557, 538, 92, 4.91%, 0, 0, 3, 104.29
1620001307, 0, 78, 557, 537, 91, 4.91%, 0, 0, 3, 70.97
1620002821, 0, 78, 558, 538, 91, 4.92%, 0, 0, 3, 26.22
1620007434, 0, 78, 559, 539, 91, 4.92%, 0, 0, 3, 19.88
1620008074, 0, 84, 559, 538, 91, 4.92%, 0, 0, 3, 168.57
1620008900, 0, 90, 559, 537, 90, 4.92%, 0, 0, 3, 20.22
1620015326, 0, 90, 559, 537, 90, 4.92%, 1, 0, 3, 20.75
1620016565, 0, 93, 559, 536, 89, 4.92%, 1, 0, 3, 92.44
