# unix_time, cycles_done, cur_path, paths_total, pending_total, pending_favs, map_size, unique_crashes, unique_hangs, max_depth, execs_per_sec
1650898190, 0, 0, 1, 1, 1, 0.30%, 0, 0, 1, 3.61
1650898195, 0, 0, 7, 7, 1, 0.56%, 0, 0, 2, 45.07
1650898200, 0, 0, 15, 15, 1, 0.58%, 0, 0, 2, 38.08
1650898215, 0, 0, 16, 16, 1, 0.58%, 0, 0, 2, 46.67
1650898220, 0, 0, 18, 18, 1, 0.58%, 0, 0, 2, 51.89
1650898236, 0, 0, 19, 19, 1, 0.58%, 0, 0, 2, 50.24
1650898241, 0, 0, 21, 21, 1, 0.60%, 0, 0, 2, 55.62
1650898246, 0, 0, 26, 26, 1, 0.62%, 0, 0, 2, 55.73
1650898282, 0, 0, 28, 28, 1, 0.63%, 0, 0, 2, 59.31
1650898287, 0, 0, 32, 32, 1, 0.63%, 0, 0, 2, 55.78
1650898317, 0, 0, 33, 33, 1, 0.63%, 0, 0, 2, 51.85
1650898322, 0, 0, 34, 34, 1, 0.64%, 0, 0, 2, 53.49
1650898327, 0, 0, 35, 35, 1, 0.64%, 0, 0, 2, 53.32
1650898332, 0, 0, 38, 38, 1, 0.64%, 0, 0, 2, 51.03
1650898338, 0, 0, 41, 41, 1, 0.64%, 0, 0, 2, 77.14
1650898343, 0, 0, 49, 49, 1, 0.69%, 0, 0, 2, 64.55
1650898348, 0, 0, 50, 50, 1, 0.69%, 0, 0, 2, 65.45
1650898353, 0, 0, 51, 51, 1, 0.69%, 0, 0, 2, 54.61
1650898358, 0, 0, 53, 53, 1, 0.70%, 0, 0, 2, 47.28
1650898363, 0, 0, 54, 54, 1, 0.70%, 0, 0, 2, 47.17
1650898383, 0, 0, 55, 55, 1, 0.70%, 0, 0, 2, 49.35
1650898394, 0, 0, 56, 56, 1, 0.70%, 0, 0, 2, 47.56
1650898399, 0, 0, 57, 57, 1, 0.70%, 0, 0, 2, 48.60
1650898414, 0, 0, 58, 58, 1, 0.70%, 0, 0, 2, 49.48
1650898455, 0, 0, 59, 59, 1, 0.70%, 0, 0, 2, 47.38
1650898511, 0, 0, 60, 60, 1, 0.70%, 0, 0, 2, 34.03
1650898542, 0, 0, 62, 62, 1, 0.70%, 0, 0, 2, 40.54
1650898573, 0, 0, 63, 63, 1, 0.70%, 0, 0, 2, 42.18
1650898593, 0, 0, 64, 64, 1, 0.71%, 0, 0, 2, 51.09
1650898716, 0, 0, 69, 69, 1, 0.71%, 0, 0, 2, 53.72
1650898921, 0, 0, 70, 70, 1, 0.71%, 0, 0, 2, 67.96
1650898926, 0, 0, 77, 77, 1, 0.71%, 0, 0, 2, 50.44
1650898931, 0, 0, 86, 86, 1, 0.71%, 0, 0, 2, 45.48
1650898936, 0, 0, 89, 89, 1, 0.72%, 0, 0, 2, 47.26
1650898977, 0, 0, 91, 91, 1, 0.72%, 0, 0, 2, 38.66
1650899018, 0, 0, 93, 93, 1, 0.72%, 0, 0, 2, 36.44
1650899023, 0, 0, 94, 94, 1, 0.72%, 0, 0, 2, 36.83
1650899038, 0, 0, 95, 95, 1, 0.72%, 0, 0, 2, 38.07
1650899049, 0, 0, 96, 96, 1, 0.72%, 0, 0, 2, 39.35
1650899085, 0, 0, 97, 97, 1, 0.72%, 0, 0, 2, 38.46
1650899090, 0, 0, 98, 98, 1, 0.72%, 0, 0, 2, 39.61
1650899309, 0, 0, 99, 99, 1, 0.72%, 0, 0, 2, 35.31
1650899412, 0, 0, 100, 100, 1, 0.72%, 0, 0, 2, 25.55
1650899817, 0, 0, 101, 101, 1, 0.72%, 0, 0, 2, 38.94
1650899950, 0, 0, 102, 102, 1, 0.72%, 0, 0, 2, 39.59
1650900002, 0, 0, 104, 104, 1, 0.73%, 0, 0, 2, 137.51
1650900043, 0, 0, 106, 106, 1, 0.73%, 0, 0, 2, 53.66
1650900048, 0, 0, 110, 110, 1, 0.79%, 0, 0, 2, 55.52
1650900053, 0, 0, 114, 114, 1, 0.79%, 0, 0, 2, 53.15
1650900058, 0, 0, 118, 118, 1, 0.79%, 0, 0, 2, 50.92
1650900063, 0, 0, 120, 120, 1, 0.79%, 0, 0, 2, 51.72
1650900068, 0, 0, 123, 123, 1, 0.80%, 0, 0, 2, 46.33
1650900073, 0, 0, 124, 124, 1, 0.80%, 0, 0, 2, 45.07
1650900078, 0, 0, 128, 128, 1, 0.87%, 0, 0, 2, 42.92
1650900083, 0, 0, 131, 131, 1, 0.87%, 0, 0, 2, 46.00
1650900094, 0, 0, 132, 132, 1, 0.87%, 0, 0, 2, 52.33
1650907380, 0, 0, 133, 133, 1, 0.87%, 0, 0, 2, 45.37
1650907385, 0, 0, 134, 134, 1, 0.87%, 0, 0, 2, 51.70
1650907390, 0, 0, 135, 135, 1, 0.87%, 0, 0, 2, 51.97
1650907462, 0, 0, 143, 143, 1, 0.87%, 0, 0, 2, 51.82
1650907468, 0, 0, 144, 144, 1, 0.87%, 0, 0, 2, 55.00
1650907473, 0, 0, 148, 148, 1, 0.87%, 0, 0, 2, 53.02
1650907478, 0, 0, 151, 151, 1, 0.87%, 0, 0, 2, 53.14
1650907483, 0, 0, 152, 152, 1, 0.87%, 0, 0, 2, 56.43
1650907488, 0, 0, 154, 154, 1, 0.87%, 0, 0, 2, 58.43
1650907498, 0, 0, 157, 157, 1, 0.87%, 0, 0, 2, 57.52
1650907503, 0, 0, 158, 158, 1, 0.87%, 0, 0, 2, 53.57
1650907509, 0, 0, 160, 160, 1, 0.87%, 0, 0, 2, 55.32
1650907514, 0, 0, 161, 161, 1, 0.87%, 0, 0, 2, 54.12
1650907519, 0, 0, 162, 162, 1, 0.87%, 0, 0, 2, 54.21
1650907529, 0, 0, 163, 163, 1, 0.87%, 0, 0, 2, 55.65
1650907544, 0, 0, 164, 164, 1, 0.87%, 0, 0, 2, 56.57
1650907555, 0, 0, 165, 165, 1, 0.87%, 0, 0, 2, 51.25
1650907560, 0, 0, 166, 166, 1, 0.87%, 0, 0, 2, 54.01
1650907585, 0, 4, 166, 165, 44, 0.87%, 0, 0, 2, 62.86
1650907631, 0, 4, 167, 166, 44, 0.88%, 0, 0, 3, 59.51
1650907974, 0, 7, 167, 165, 43, 0.88%, 0, 0, 3, 80.28
1650908358, 0, 7, 168, 166, 43, 0.88%, 0, 0, 3, 58.22
1650908363, 0, 7, 169, 167, 43, 0.88%, 0, 0, 3, 101.53
1650908368, 0, 8, 169, 166, 43, 0.88%, 0, 0, 3, 79.49
1650908470, 0, 8, 170, 167, 43, 0.88%, 0, 0, 3, 52.31
1650908500, 0, 8, 171, 168, 43, 0.88%, 0, 0, 3, 46.19
1650908777, 0, 9, 171, 167, 43, 0.88%, 0, 0, 3, 61.31
1650909160, 0, 20, 171, 166, 42, 0.88%, 0, 0, 3, 65.55
1650910634, 0, 20, 172, 167, 42, 0.89%, 0, 0, 3, 47.11
1650916604, 0, 21, 172, 166, 41, 0.89%, 0, 0, 3, 66.74
1650916614, 0, 21, 173, 167, 41, 0.90%, 0, 0, 3, 63.29
1650916629, 0, 21, 174, 168, 41, 0.90%, 0, 0, 3, 55.33
1650916634, 0, 21, 176, 170, 41, 0.90%, 0, 0, 3, 64.41
1650916716, 0, 21, 177, 171, 41, 0.90%, 0, 0, 3, 52.88
1650916726, 0, 21, 178, 172, 41, 0.90%, 0, 0, 3, 51.24
1650916732, 0, 21, 179, 173, 41, 0.90%, 0, 0, 3, 54.33
1650916737, 0, 21, 180, 174, 41, 0.90%, 0, 0, 3, 54.55
1650916982, 0, 28, 180, 173, 41, 0.90%, 0, 0, 3, 78.97
1650917371, 0, 28, 182, 175, 41, 0.92%, 0, 0, 3, 92.48
1650917376, 0, 35, 182, 174, 41, 0.92%, 0, 0, 3, 81.35
1650917391, 0, 35, 183, 175, 41, 0.92%, 0, 0, 3, 58.30
1650917473, 0, 35, 184, 176, 41, 0.93%, 0, 0, 3, 54.36
1650917494, 0, 35, 185, 177, 41, 0.93%, 0, 0, 3, 54.71
1650917749, 0, 41, 185, 176, 41, 0.93%, 0, 0, 3, 69.48
1650917754, 0, 41, 186, 177, 41, 0.93%, 0, 0, 3, 60.60
1650917861, 0, 41, 187, 178, 41, 0.93%, 0, 0, 3, 50.35
1650918127, 0, 42, 187, 177, 40, 0.93%, 0, 0, 3, 79.50
1650918178, 0, 42, 188, 178, 40, 0.93%, 0, 0, 3, 50.88
1650918260, 0, 42, 189, 179, 40, 0.93%, 0, 0, 3, 56.02
1650918510, 0, 43, 189, 178, 38, 0.93%, 0, 0, 3, 70.99
1650918888, 0, 44, 189, 177, 37, 0.93%, 0, 0, 3, 70.20
1650919011, 0, 44, 190, 178, 37, 0.93%, 0, 0, 3, 50.83
1650919277, 0, 51, 190, 177, 35, 0.93%, 0, 0, 3, 59.13
1650919487, 0, 51, 191, 178, 35, 0.93%, 0, 0, 3, 43.64
1650920634, 0, 51, 192, 179, 35, 0.93%, 0, 0, 3, 40.96
1650921396, 0, 51, 193, 180, 35, 0.93%, 0, 0, 3, 42.87
1650928094, 0, 54, 193, 179, 36, 0.93%, 0, 0, 3, 50.97
1650928422, 0, 54, 194, 180, 36, 0.93%, 0, 0, 3, 42.25
1650929456, 0, 56, 194, 179, 37, 0.93%, 0, 0, 3, 51.88
1650929702, 0, 56, 195, 180, 37, 0.93%, 0, 0, 3, 41.68
1650930475, 0, 56, 196, 181, 37, 0.93%, 0, 0, 3, 42.67
1650938345, 0, 59, 196, 180, 37, 0.93%, 0, 0, 3, 46.71
1650938391, 0, 59, 197, 181, 37, 0.94%, 0, 0, 3, 41.45
1650938790, 0, 59, 198, 182, 37, 0.94%, 0, 0, 3, 43.40
1650939718, 0, 59, 199, 183, 37, 0.95%, 0, 0, 3, 42.69
1650947219, 0, 61, 199, 182, 38, 0.95%, 0, 0, 3, 46.77
1650954600, 0, 61, 200, 183, 38, 0.95%, 0, 0, 3, 51.20
1650954626, 0, 61, 201, 184, 38, 0.95%, 0, 0, 3, 57.12
1650954636, 0, 62, 201, 183, 38, 0.95%, 0, 0, 3, 70.31
1650954907, 0, 63, 201, 182, 37, 0.95%, 0, 0, 3, 71.24
1650955219, 0, 79, 201, 181, 36, 0.95%, 0, 0, 3, 62.72
1650955244, 0, 79, 202, 182, 36, 0.95%, 0, 0, 3, 55.57
1650955489, 0, 79, 203, 183, 36, 0.95%, 0, 0, 3, 6.93
1650955505, 0, 79, 204, 184, 36, 0.95%, 0, 0, 3, 52.24
1650956144, 0, 88, 204, 183, 36, 0.95%, 0, 0, 3, 52.31
1650956159, 0, 88, 204, 183, 36, 0.95%, 1, 0, 3, 46.37
1650956165, 0, 88, 205, 184, 36, 0.95%, 1, 0, 3, 58.17
1650956431, 0, 88, 206, 185, 36, 0.95%, 1, 0, 3, 43.28
1650957158, 0, 88, 207, 186, 36, 0.95%, 1, 0, 3, 45.64
1650957220, 0, 96, 207, 185, 36, 0.95%, 1, 0, 3, 51.35
1650958550, 0, 96, 208, 186, 36, 0.96%, 1, 0, 3, 49.12
1650964550, 0, 100, 208, 185, 36, 0.96%, 1, 0, 3, 69.35
1650965340, 0, 100, 209, 186, 36, 0.96%, 1, 0, 3, 52.86
1650971548, 0, 102, 209, 185, 36, 0.96%, 1, 0, 3, 65.81
1650971934, 0, 103, 209, 184, 35, 0.96%, 1, 0, 3, 85.98
1650971990, 0, 103, 210, 185, 35, 0.97%, 1, 0, 3, 102.31
1650972427, 0, 107, 211, 185, 34, 0.97%, 1, 0, 3, 5.72
1650972443, 0, 107, 212, 186, 34, 0.97%, 1, 0, 3, 6.89
1650972453, 0, 107, 213, 187, 34, 0.98%, 1, 0, 3, 71.63
1650972474, 0, 107, 214, 188, 34, 0.98%, 1, 0, 3, 5.12
1650972530, 0, 107, 215, 189, 34, 0.98%, 1, 0, 3, 6.89
1650972571, 0, 107, 216, 190, 34, 0.98%, 1, 0, 3, 4.21
1650972653, 0, 107, 217, 191, 34, 0.98%, 1, 0, 3, 62.97
1650972812, 0, 107, 218, 192, 34, 0.98%, 1, 0, 3, 5.18
1650972832, 0, 107, 219, 193, 34, 0.98%, 1, 0, 3, 5.61
1650972921, 0, 107, 220, 194, 34, 1.02%, 1, 0, 3, 8.01
1650972962, 0, 107, 221, 195, 34, 1.02%, 1, 0, 3, 7.56
1650973077, 0, 107, 222, 196, 34, 1.03%, 1, 0, 3, 6.09
1650973367, 0, 117, 222, 195, 36, 1.03%, 1, 0, 3, 57.93
1650973771, 0, 117, 222, 195, 36, 1.03%, 2, 0, 3, 59.01
1650974123, 0, 117, 223, 196, 36, 1.03%, 2, 0, 3, 60.96
1650975336, 0, 117, 224, 197, 36, 1.03%, 2, 0, 3, 54.95
1650981234, 0, 124, 224, 196, 36, 1.03%, 2, 0, 3, 56.75
1650981331, 0, 124, 224, 196, 36, 1.03%, 3, 0, 3, 56.21
1650981387, 0, 124, 226, 198, 36, 1.03%, 3, 0, 3, 64.63
1650981840, 0, 128, 226, 197, 34, 1.03%, 3, 0, 3, 75.74
1650982008, 0, 128, 227, 198, 34, 1.03%, 3, 0, 3, 59.02
1650982079, 0, 128, 228, 199, 34, 1.03%, 3, 0, 3, 45.49
1650982109, 0, 128, 229, 200, 34, 1.03%, 3, 0, 3, 47.22
1650983320, 0, 128, 230, 201, 34, 1.03%, 3, 0, 3, 67.55
