# unix_time, cycles_done, cur_path, paths_total, pending_total, pending_favs, map_size, unique_crashes, unique_hangs, max_depth, execs_per_sec
1630397017, 0, 0, 1, 1, 1, 0.04%, 0, 0, 1, 0.17
1630397022, 0, 0, 7, 7, 1, 0.05%, 0, 0, 2, 12.05
1630397027, 0, 0, 9, 9, 1, 0.05%, 0, 0, 2, 12.80
1630397032, 0, 0, 10, 10, 1, 0.05%, 0, 0, 2, 12.66
1630397037, 0, 0, 22, 22, 1, 0.05%, 0, 0, 2, 43.99
1630397043, 0, 0, 28, 28, 1, 0.05%, 0, 0, 2, 25.92
1630397053, 0, 0, 30, 30, 1, 0.05%, 0, 0, 2, 12.62
1630397058, 0, 0, 31, 31, 1, 0.05%, 0, 0, 2, 12.77
1630397084, 0, 0, 34, 34, 1, 0.05%, 0, 0, 2, 19.81
1630397089, 0, 0, 36, 36, 1, 0.05%, 0, 0, 2, 13.71
1630397095, 0, 0, 38, 38, 1, 0.05%, 0, 0, 2, 12.21
1630397110, 0, 0, 39, 39, 1, 0.05%, 0, 0, 2, 13.00
1630397125, 0, 0, 42, 42, 1, 0.05%, 0, 0, 2, 12.15
1630397130, 0, 0, 43, 43, 1, 0.05%, 0, 0, 2, 13.19
1630397136, 0, 0, 44, 44, 1, 0.05%, 0, 0, 2, 12.08
1630397171, 0, 0, 45, 45, 1, 0.05%, 0, 0, 2, 12.24
1630397176, 0, 0, 46, 46, 1, 0.05%, 0, 0, 2, 12.12
1630397207, 0, 0, 47, 47, 1, 0.05%, 0, 0, 2, 20.88
1630397218, 0, 0, 50, 50, 1, 0.05%, 0, 0, 2, 88.91
1630397223, 0, 0, 52, 52, 1, 0.05%, 0, 0, 2, 12.03
1630397259, 0, 0, 53, 53, 1, 0.05%, 0, 0, 2, 11.85
1630397264, 0, 0, 54, 54, 1, 0.05%, 0, 0, 2, 12.08
1630397295, 0, 0, 55, 55, 1, 0.05%, 0, 0, 2, 15.23
1630397305, 0, 0, 56, 56, 1, 0.05%, 0, 0, 2, 12.09
1630397316, 0, 0, 59, 59, 1, 0.05%, 0, 0, 2, 49.39
1630397326, 0, 0, 62, 62, 1, 0.05%, 0, 0, 2, 17.92
1630397331, 0, 0, 64, 64, 1, 0.05%, 0, 0, 2, 19.12
1630397387, 0, 0, 67, 67, 1, 0.05%, 0, 0, 2, 24.90
1630397392, 0, 0, 69, 69, 1, 0.05%, 0, 0, 2, 43.79
1630397397, 0, 0, 70, 70, 1, 0.05%, 0, 0, 2, 65.37
1630397402, 0, 0, 76, 76, 1, 0.05%, 0, 0, 2, 12.17
1630397407, 0, 0, 77, 77, 1, 0.05%, 0, 0, 2, 12.06
1630397439, 0, 0, 78, 78, 1, 0.05%, 0, 0, 2, 12.14
1630397444, 0, 0, 79, 79, 1, 0.05%, 0, 0, 2, 12.11
1630397485, 0, 0, 80, 80, 1, 0.05%, 0, 0, 2, 12.13
1630397651, 0, 0, 81, 81, 1, 0.05%, 0, 0, 2, 14.13
1630397667, 0, 0, 82, 82, 1, 0.06%, 0, 0, 2, 19.96
1630397682, 0, 0, 83, 83, 1, 0.06%, 0, 0, 2, 12.25
1630397687, 0, 0, 84, 84, 1, 0.06%, 0, 0, 2, 12.01
1630397724, 0, 0, 85, 85, 1, 0.06%, 0, 0, 2, 12.30
1630397739, 0, 0, 86, 86, 1, 0.06%, 0, 0, 2, 12.12
1630397817, 0, 0, 87, 87, 1, 0.06%, 0, 0, 2, 12.31
1630397911, 0, 0, 88, 88, 1, 0.06%, 0, 0, 2, 12.43
1630397936, 0, 0, 95, 95, 1, 0.06%, 0, 0, 2, 29.33
1630397941, 0, 0, 99, 99, 1, 0.06%, 0, 0, 2, 33.30
1630398084, 0, 0, 100, 100, 1, 0.06%, 0, 0, 2, 63.73
1630398207, 0, 0, 105, 105, 1, 0.06%, 0, 0, 2, 123.25
1630398212, 0, 0, 112, 112, 1, 0.06%, 0, 0, 2, 66.72
1630398217, 0, 0, 116, 116, 1, 0.06%, 0, 0, 2, 16.55
1630398222, 0, 0, 118, 118, 1, 0.06%, 0, 0, 2, 16.09
1630398227, 0, 0, 119, 119, 1, 0.06%, 0, 0, 2, 15.07
1630398237, 0, 0, 120, 120, 1, 0.06%, 0, 0, 2, 105.70
1630398243, 0, 0, 121, 121, 1, 0.06%, 0, 0, 2, 44.00
1630398253, 0, 0, 122, 122, 1, 0.06%, 0, 0, 2, 57.14
1630398263, 0, 0, 123, 123, 1, 0.06%, 0, 0, 2, 41.43
1630398278, 0, 0, 124, 124, 1, 0.06%, 0, 0, 2, 102.91
1630398283, 0, 0, 125, 125, 1, 0.06%, 0, 0, 2, 105.39
1630398298, 0, 0, 126, 126, 1, 0.06%, 0, 0, 2, 67.53
1630398304, 0, 0, 127, 127, 1, 0.06%, 0, 0, 2, 67.61
1630398319, 0, 0, 129, 129, 1, 0.06%, 0, 0, 2, 13.82
1630398330, 0, 0, 130, 130, 1, 0.06%, 0, 0, 2, 12.01
1630398350, 0, 0, 131, 131, 1, 0.06%, 0, 0, 2, 12.31
1630398428, 0, 0, 132, 132, 1, 0.06%, 0, 0, 2, 12.75
1630398949, 0, 0, 133, 133, 1, 0.06%, 0, 0, 2, 64.56
1630398974, 0, 0, 134, 134, 1, 0.06%, 0, 0, 2, 12.16
1630399234, 0, 0, 135, 135, 1, 0.06%, 0, 0, 2, 12.01
1630399286, 0, 0, 136, 136, 1, 0.06%, 0, 0, 2, 12.31
1630399544, 0, 0, 138, 138, 1, 0.06%, 0, 0, 2, 59.50
1630399549, 0, 0, 141, 141, 1, 0.06%, 0, 0, 2, 42.94
1630399554, 0, 0, 143, 143, 1, 0.06%, 0, 0, 2, 37.28
1630399605, 0, 0, 145, 145, 1, 0.06%, 0, 0, 2, 30.21
1630399611, 0, 0, 147, 147, 1, 0.06%, 0, 0, 2, 19.65
1630399657, 0, 0, 148, 148, 1, 0.06%, 0, 0, 2, 19.75
1630399703, 0, 0, 149, 149, 1, 0.06%, 0, 0, 2, 20.93
1630400108, 0, 0, 150, 150, 1, 0.06%, 0, 0, 2, 15.92
1630400308, 0, 0, 151, 151, 1, 0.06%, 0, 0, 2, 38.79
1630400313, 0, 0, 154, 154, 1, 0.07%, 0, 0, 2, 4.28
1630400396, 0, 0, 155, 155, 1, 0.07%, 0, 0, 2, 67.19
1630400411, 0, 0, 156, 156, 1, 0.07%, 0, 0, 2, 67.72
1630400421, 0, 0, 157, 157, 1, 0.07%, 0, 0, 2, 67.43
1630400472, 0, 0, 158, 158, 1, 0.07%, 0, 0, 2, 12.18
1630400488, 0, 0, 159, 159, 1, 0.07%, 0, 0, 2, 14.26
1630400503, 0, 0, 160, 160, 1, 0.07%, 0, 0, 2, 12.13
1630400508, 0, 0, 161, 161, 1, 0.07%, 0, 0, 2, 12.05
1630403943, 0, 0, 162, 162, 1, 0.07%, 0, 0, 2, 65.78
1630403948, 0, 0, 163, 163, 1, 0.07%, 0, 0, 2, 65.65
1630404062, 0, 0, 164, 164, 1, 0.07%, 0, 0, 2, 12.14
1630406674, 0, 0, 165, 165, 1, 0.07%, 0, 0, 2, 12.10
1630407452, 0, 0, 169, 169, 1, 0.07%, 0, 0, 2, 12.21
1630407457, 0, 0, 177, 177, 1, 0.07%, 0, 0, 2, 12.24
1630407462, 0, 0, 181, 181, 1, 0.07%, 0, 0, 2, 85.34
1630407467, 0, 0, 185, 185, 1, 0.07%, 0, 0, 2, 43.81
1630407472, 0, 0, 188, 188, 1, 0.07%, 0, 0, 2, 49.68
1630407477, 0, 0, 191, 191, 1, 0.07%, 0, 0, 2, 80.72
1630407482, 0, 0, 194, 194, 1, 0.07%, 0, 0, 2, 30.06
1630407488, 0, 0, 196, 196, 1, 0.07%, 0, 0, 2, 58.70
1630407498, 0, 0, 198, 198, 1, 0.07%, 0, 0, 2, 80.17
1630407503, 0, 0, 202, 202, 1, 0.07%, 0, 0, 2, 12.42
1630407508, 0, 0, 203, 203, 1, 0.07%, 0, 0, 2, 12.45
1630407513, 0, 0, 204, 204, 1, 0.07%, 0, 0, 2, 62.59
1630407518, 0, 0, 205, 205, 1, 0.07%, 0, 0, 2, 72.73
1630407529, 0, 0, 208, 208, 1, 0.07%, 0, 0, 2, 68.88
1630407534, 0, 0, 211, 211, 1, 0.07%, 0, 0, 2, 63.80
1630407544, 0, 0, 212, 212, 1, 0.07%, 0, 0, 2, 49.34
1630407549, 0, 0, 213, 213, 1, 0.07%, 0, 0, 2, 69.63
1630407559, 0, 0, 214, 214, 1, 0.07%, 0, 0, 2, 68.13
1630407575, 0, 0, 215, 215, 1, 0.07%, 0, 0, 2, 69.47
1630407585, 0, 0, 216, 216, 1, 0.07%, 0, 0, 2, 12.05
1630407600, 0, 0, 217, 217, 1, 0.07%, 0, 0, 2, 87.30
1630407606, 0, 0, 218, 218, 1, 0.07%, 0, 0, 2, 73.17
1630407611, 0, 0, 219, 219, 1, 0.07%, 0, 0, 2, 66.62
1630407626, 0, 0, 220, 220, 1, 0.07%, 0, 0, 2, 67.05
1630407636, 0, 0, 221, 221, 1, 0.07%, 0, 0, 2, 66.36
1630407647, 0, 0, 222, 222, 1, 0.07%, 0, 0, 2, 71.40
1630407662, 0, 0, 223, 223, 1, 0.07%, 0, 0, 2, 72.22
1630407667, 0, 0, 224, 224, 1, 0.07%, 0, 0, 2, 67.01
1630407677, 0, 0, 225, 225, 1, 0.07%, 0, 0, 2, 51.41
1630407682, 0, 0, 226, 226, 1, 0.07%, 0, 0, 2, 75.39
1630407687, 0, 0, 227, 227, 1, 0.07%, 0, 0, 2, 88.88
1630407698, 0, 0, 228, 228, 1, 0.07%, 0, 0, 2, 65.25
1630407708, 0, 0, 230, 230, 1, 0.07%, 0, 0, 2, 70.01
1630407718, 0, 10, 231, 230, 65, 0.07%, 0, 0, 2, 62.31
1630407728, 0, 10, 232, 231, 65, 0.07%, 0, 0, 3, 41.28
1630407805, 0, 10, 233, 232, 65, 0.07%, 0, 0, 3, 41.02
1630407960, 0, 10, 234, 233, 65, 0.07%, 0, 0, 3, 37.29
1630408021, 0, 10, 235, 234, 65, 0.07%, 0, 0, 3, 66.25
1630408216, 0, 10, 236, 235, 65, 0.07%, 0, 0, 3, 81.24
1630408221, 0, 10, 237, 236, 65, 0.07%, 0, 0, 3, 83.33
1630408507, 0, 10, 238, 237, 65, 0.07%, 0, 0, 3, 64.06
1630408595, 0, 10, 240, 239, 65, 0.07%, 0, 0, 3, 39.75
1630411521, 0, 11, 240, 238, 70, 0.07%, 0, 0, 3, 99.46
1630411850, 0, 15, 241, 238, 69, 0.07%, 0, 0, 3, 153.08
1630413990, 0, 16, 241, 237, 68, 0.07%, 0, 0, 3, 85.27
1630416101, 0, 16, 242, 238, 68, 0.07%, 0, 0, 3, 122.71
1630416111, 0, 16, 244, 240, 68, 0.07%, 0, 0, 3, 121.61
1630416127, 0, 16, 245, 241, 68, 0.07%, 0, 0, 3, 121.06
1630416173, 0, 18, 245, 240, 68, 0.07%, 0, 0, 3, 110.15
1630416833, 0, 18, 246, 241, 68, 0.07%, 0, 0, 3, 69.04
1630418607, 0, 19, 246, 240, 68, 0.07%, 0, 0, 3, 80.18
1630420724, 0, 20, 246, 239, 67, 0.07%, 0, 0, 3, 84.88
1630422820, 0, 22, 246, 238, 66, 0.07%, 0, 0, 3, 122.12
1630422836, 0, 22, 247, 239, 66, 0.07%, 0, 0, 3, 65.77
1630425215, 0, 23, 247, 238, 66, 0.07%, 0, 0, 3, 15.94
1630425266, 0, 23, 248, 239, 66, 0.07%, 0, 0, 3, 18.57
1630427627, 0, 23, 249, 240, 66, 0.07%, 0, 0, 3, 11.95
1630435768, 0, 40, 249, 239, 66, 0.07%, 0, 0, 3, 150.16
1630436561, 0, 40, 250, 240, 66, 0.07%, 0, 0, 3, 172.58
1630436566, 0, 47, 250, 239, 64, 0.07%, 0, 0, 3, 109.02
1630436602, 0, 47, 251, 240, 64, 0.07%, 0, 0, 3, 70.35
1630438654, 0, 48, 251, 239, 64, 0.07%, 0, 0, 3, 95.77
1630438889, 0, 48, 252, 240, 64, 0.07%, 0, 0, 3, 68.38
1630439381, 0, 48, 253, 241, 64, 0.07%, 0, 0, 3, 68.22
1630440763, 0, 48, 255, 243, 64, 0.07%, 0, 0, 3, 122.08
1630440778, 0, 49, 255, 242, 63, 0.07%, 0, 0, 3, 83.62
1630440799, 0, 49, 256, 243, 63, 0.07%, 0, 0, 3, 68.67
1630441565, 0, 49, 257, 244, 63, 0.07%, 0, 0, 3, 67.36
1630442882, 0, 49, 258, 245, 63, 0.07%, 0, 0, 3, 121.65
1630442892, 0, 49, 259, 246, 63, 0.07%, 0, 0, 3, 125.99
1630442903, 0, 53, 259, 245, 62, 0.07%, 0, 0, 3, 25.86
1630453377, 0, 55, 259, 244, 61, 0.07%, 0, 0, 3, 96.85
1630454706, 0, 61, 259, 243, 60, 0.07%, 0, 0, 3, 15.38
1630455903, 0, 61, 260, 244, 60, 0.07%, 0, 0, 3, 6.70
1630464933, 0, 64, 260, 243, 60, 0.07%, 0, 0, 3, 65.20
1630465246, 0, 64, 261, 244, 60, 0.07%, 0, 0, 3, 85.08
1630465769, 0, 64, 262, 245, 60, 0.07%, 0, 0, 3, 55.77
1630465805, 0, 64, 263, 246, 60, 0.07%, 0, 0, 3, 61.26
1630465815, 0, 64, 264, 247, 60, 0.07%, 0, 0, 3, 60.94
1630467339, 0, 69, 264, 246, 63, 0.07%, 0, 0, 3, 97.37
1630469395, 0, 71, 264, 245, 62, 0.07%, 0, 0, 3, 82.95
1630471473, 0, 75, 264, 244, 61, 0.07%, 0, 0, 3, 15.56
1630474852, 0, 75, 265, 245, 61, 0.07%, 0, 0, 3, 12.01
1630474857, 0, 75, 267, 247, 61, 0.07%, 0, 0, 3, 13.02
1630474863, 0, 75, 268, 248, 61, 0.08%, 0, 0, 3, 12.28
1630474868, 0, 75, 270, 250, 61, 0.08%, 0, 0, 3, 12.20
1630474873, 0, 75, 271, 251, 61, 0.08%, 0, 0, 3, 12.10
1630474884, 0, 75, 272, 252, 61, 0.08%, 0, 0, 3, 12.26
1630474889, 0, 75, 273, 253, 61, 0.08%, 0, 0, 3, 12.15
1630481879, 0, 76, 273, 252, 67, 0.08%, 0, 0, 3, 13.92
1630482555, 0, 76, 274, 253, 67, 0.08%, 0, 0, 3, 12.13
