# unix_time, cycles_done, cur_path, paths_total, pending_total, pending_favs, map_size, unique_crashes, unique_hangs, max_depth, execs_per_sec
1619601752, 0, 0, 1, 1, 1, 2.10%, 0, 0, 1, 0.00
1619601757, 0, 0, 55, 55, 1, 2.43%, 10, 0, 2, 272.74
1619601763, 0, 0, 80, 80, 1, 2.46%, 10, 0, 2, 250.04
1619601768, 0, 0, 94, 94, 1, 2.51%, 10, 0, 2, 256.97
1619601773, 0, 0, 98, 98, 1, 2.52%, 10, 0, 2, 248.41
1619601778, 0, 0, 104, 104, 1, 2.53%, 10, 0, 2, 260.34
1619601783, 0, 0, 105, 105, 1, 2.53%, 10, 0, 2, 255.06
1619601788, 0, 0, 112, 112, 1, 2.56%, 12, 0, 2, 342.79
1619601793, 0, 0, 118, 118, 1, 2.61%, 12, 0, 2, 282.51
1619601813, 0, 0, 120, 120, 1, 2.64%, 12, 0, 2, 248.52
1619601834, 0, 0, 123, 123, 1, 2.64%, 12, 0, 2, 243.02
1619601839, 0, 0, 125, 125, 1, 2.64%, 12, 0, 2, 247.50
1619601844, 0, 0, 126, 126, 1, 2.64%, 12, 0, 2, 243.20
1619601849, 0, 0, 127, 127, 1, 2.65%, 12, 0, 2, 269.07
1619601854, 0, 0, 129, 129, 1, 2.65%, 14, 0, 2, 281.69
1619601859, 0, 0, 130, 130, 1, 2.66%, 14, 0, 2, 319.03
1619601885, 0, 0, 131, 131, 1, 2.66%, 14, 0, 2, 341.59
1619601920, 0, 0, 131, 131, 1, 2.66%, 16, 0, 2, 437.01
1619601925, 0, 0, 138, 138, 1, 2.66%, 16, 0, 2, 411.15
1619601930, 0, 0, 160, 160, 1, 2.68%, 16, 0, 2, 331.01
1619601935, 0, 0, 163, 163, 1, 2.68%, 16, 0, 2, 301.36
1619601940, 0, 0, 165, 165, 1, 2.69%, 16, 0, 2, 306.63
1619601961, 0, 0, 166, 166, 1, 2.69%, 16, 0, 2, 235.45
1619601981, 0, 0, 167, 167, 1, 2.69%, 16, 0, 2, 228.60
1619601996, 0, 0, 168, 168, 1, 2.69%, 16, 0, 2, 227.75
1619602007, 0, 0, 169, 169, 1, 2.69%, 16, 0, 2, 248.47
1619602012, 0, 0, 170, 170, 1, 2.69%, 16, 0, 2, 284.72
1619602022, 0, 0, 171, 171, 1, 2.69%, 16, 0, 2, 249.86
1619602032, 0, 0, 173, 173, 1, 2.75%, 16, 0, 2, 256.77
1619602068, 0, 0, 178, 178, 1, 2.75%, 16, 0, 2, 251.54
1619602099, 0, 0, 179, 179, 1, 2.75%, 16, 0, 2, 287.71
1619602109, 0, 0, 180, 180, 1, 2.75%, 16, 0, 2, 273.42
1619602114, 0, 0, 183, 183, 1, 2.77%, 17, 0, 2, 672.59
1619602119, 0, 0, 210, 210, 1, 3.18%, 17, 0, 2, 388.51
1619602124, 0, 0, 217, 217, 1, 3.19%, 17, 0, 2, 363.31
1619602145, 0, 0, 222, 222, 1, 3.20%, 17, 0, 2, 408.85
1619602150, 0, 0, 224, 224, 1, 3.20%, 17, 0, 2, 330.00
1619602165, 0, 0, 225, 225, 1, 3.20%, 17, 0, 2, 292.95
1619602195, 0, 0, 245, 245, 1, 3.20%, 17, 0, 2, 262.62
1619602200, 0, 0, 250, 250, 1, 3.20%, 17, 0, 2, 285.52
1619602800, 0, 0, 254, 254, 1, 3.21%, 17, 0, 2, 236.01
1619602851, 0, 0, 255, 255, 1, 3.21%, 17, 0, 2, 272.38
1619603039, 0, 0, 256, 256, 1, 3.21%, 17, 0, 2, 287.58
1619603115, 0, 0, 263, 263, 1, 3.21%, 19, 0, 2, 300.94
1619603120, 0, 0, 275, 275, 1, 3.22%, 19, 0, 2, 411.70
1619603125, 0, 0, 280, 280, 1, 3.22%, 19, 0, 2, 420.32
1619603130, 0, 0, 284, 284, 1, 3.22%, 19, 0, 2, 430.12
1619603135, 0, 0, 288, 288, 1, 3.22%, 19, 0, 2, 424.41
1619603140, 0, 0, 289, 289, 1, 3.22%, 19, 0, 2, 429.96
1619603145, 0, 0, 292, 292, 1, 3.22%, 19, 0, 2, 427.82
1619603150, 0, 0, 296, 296, 1, 3.22%, 19, 0, 2, 433.69
1619603156, 0, 0, 298, 298, 1, 3.22%, 20, 0, 2, 427.47
1619603161, 0, 0, 299, 299, 1, 3.22%, 20, 0, 2, 440.60
1619603166, 0, 0, 300, 300, 1, 3.22%, 20, 0, 2, 439.55
1619603171, 0, 0, 303, 303, 1, 3.22%, 20, 0, 2, 428.85
1619603181, 0, 0, 304, 304, 1, 3.22%, 20, 0, 2, 440.49
1619603186, 0, 0, 307, 307, 1, 3.22%, 20, 0, 2, 448.28
1619603191, 0, 2, 308, 307, 70, 3.22%, 20, 0, 2, 434.83
1619603201, 0, 2, 309, 308, 70, 3.22%, 20, 0, 3, 281.65
1619603222, 0, 2, 310, 309, 70, 3.22%, 20, 0, 3, 342.76
1619603363, 0, 2, 312, 311, 70, 3.22%, 20, 0, 3, 314.98
1619603394, 0, 2, 313, 312, 70, 3.22%, 20, 0, 3, 247.71
1619603450, 0, 2, 314, 313, 70, 3.22%, 20, 0, 3, 260.21
1619603486, 0, 2, 315, 314, 70, 3.24%, 20, 0, 3, 268.03
1619603491, 0, 2, 316, 315, 70, 3.24%, 20, 0, 3, 282.83
1619603537, 0, 2, 317, 316, 70, 3.24%, 20, 0, 3, 275.96
1619603547, 0, 2, 319, 318, 70, 3.24%, 20, 0, 3, 415.62
1619604528, 0, 2, 321, 320, 70, 3.24%, 20, 0, 3, 385.51
1619604533, 0, 2, 322, 321, 70, 3.24%, 20, 0, 3, 414.85
1619604538, 0, 2, 326, 325, 70, 3.24%, 20, 0, 3, 411.91
1619604543, 0, 2, 327, 326, 70, 3.24%, 20, 0, 3, 419.61
1619604553, 0, 2, 328, 327, 70, 3.24%, 20, 0, 3, 424.63
1619604558, 0, 2, 330, 329, 70, 3.24%, 20, 0, 3, 430.23
1619604579, 0, 2, 331, 330, 70, 3.24%, 20, 0, 3, 427.25
1619604594, 0, 2, 332, 331, 70, 3.24%, 20, 0, 3, 427.66
1619604599, 0, 2, 333, 332, 70, 3.24%, 20, 0, 3, 420.57
1619604604, 0, 3, 333, 331, 73, 3.24%, 20, 0, 3, 286.76
1619604777, 0, 3, 334, 332, 73, 3.25%, 20, 0, 3, 314.85
1619604970, 0, 3, 335, 333, 73, 3.25%, 20, 0, 3, 368.57
1619604975, 0, 3, 336, 334, 73, 3.26%, 20, 0, 3, 431.35
1619605971, 0, 3, 337, 335, 73, 3.26%, 20, 0, 3, 329.56
1619605976, 0, 3, 338, 336, 73, 3.26%, 20, 0, 3, 395.52
1619605981, 0, 4, 339, 336, 74, 3.26%, 21, 0, 3, 341.65
1619605986, 0, 4, 340, 337, 74, 3.27%, 21, 0, 3, 264.60
1619606163, 0, 4, 341, 338, 74, 3.27%, 21, 0, 3, 327.29
1619606341, 0, 4, 343, 340, 74, 3.27%, 21, 0, 3, 373.13
1619607341, 0, 4, 344, 341, 74, 3.27%, 21, 0, 3, 345.44
1619607346, 0, 12, 344, 340, 76, 3.27%, 21, 0, 3, 312.45
1619608711, 0, 24, 344, 339, 75, 3.27%, 21, 0, 3, 335.37
1619608736, 0, 24, 345, 340, 75, 3.27%, 21, 0, 3, 329.80
1619608914, 0, 24, 345, 340, 75, 3.27%, 22, 0, 3, 384.31
1619608965, 0, 24, 347, 342, 75, 3.27%, 22, 0, 3, 297.03
1619609642, 0, 36, 347, 341, 75, 3.27%, 22, 0, 3, 336.24
1619609839, 0, 36, 347, 341, 75, 3.27%, 23, 0, 3, 430.02
1619609905, 0, 36, 349, 343, 75, 3.27%, 23, 0, 3, 318.00
1619610561, 0, 40, 349, 342, 74, 3.27%, 23, 0, 3, 382.87
1619610662, 0, 40, 349, 342, 74, 3.27%, 24, 0, 3, 502.95
1619611031, 0, 61, 349, 341, 73, 3.27%, 24, 0, 3, 351.00
1619611132, 0, 61, 350, 342, 73, 3.27%, 25, 0, 3, 444.22
1619611528, 0, 70, 350, 341, 72, 3.27%, 25, 0, 3, 291.52
1619612818, 0, 76, 350, 340, 72, 3.27%, 25, 0, 3, 314.87
1619613005, 0, 76, 350, 340, 72, 3.27%, 26, 0, 3, 461.66
1619613674, 0, 76, 351, 341, 72, 3.29%, 26, 0, 3, 389.09
1619613679, 0, 76, 352, 342, 72, 3.29%, 26, 0, 3, 455.90
1619613684, 0, 84, 352, 341, 71, 3.29%, 26, 0, 3, 328.50
1619613695, 0, 84, 353, 342, 71, 3.29%, 26, 0, 3, 261.56
1619614940, 0, 100, 353, 341, 70, 3.29%, 26, 0, 3, 362.69
1619615052, 0, 100, 353, 341, 70, 3.29%, 27, 0, 3, 523.49
1619615433, 0, 101, 353, 340, 69, 3.29%, 27, 0, 3, 353.32
1619615458, 0, 101, 354, 341, 69, 3.29%, 27, 0, 3, 312.90
1619615560, 0, 101, 355, 342, 69, 3.29%, 27, 0, 3, 308.76
1619615631, 0, 101, 355, 342, 69, 3.29%, 28, 0, 3, 503.99
1619616361, 0, 108, 355, 341, 69, 3.29%, 28, 0, 3, 389.96
1619616634, 0, 108, 356, 342, 69, 3.29%, 28, 0, 3, 431.86
1619616639, 0, 108, 363, 349, 69, 3.29%, 28, 0, 3, 364.89
1619617613, 0, 110, 363, 348, 69, 3.29%, 28, 0, 3, 369.72
1619617628, 0, 110, 364, 349, 69, 3.29%, 28, 0, 3, 359.75
1619617729, 0, 110, 364, 349, 69, 3.29%, 29, 0, 3, 426.96
1619618095, 0, 113, 364, 348, 68, 3.29%, 29, 0, 3, 369.78
1619618307, 0, 113, 364, 348, 68, 3.29%, 30, 0, 3, 422.16
1619619052, 0, 115, 364, 347, 67, 3.29%, 30, 0, 3, 376.88
1619619255, 0, 115, 364, 347, 67, 3.29%, 31, 0, 3, 399.73
1619619321, 0, 115, 366, 349, 67, 3.30%, 31, 0, 3, 319.96
1619619987, 0, 116, 366, 348, 66, 3.30%, 31, 0, 3, 356.93
1619620200, 0, 116, 366, 348, 66, 3.30%, 32, 0, 3, 407.31
1619620942, 0, 122, 367, 348, 65, 3.30%, 32, 0, 3, 327.14
1619620952, 0, 122, 368, 349, 65, 3.30%, 32, 0, 3, 258.07
1619620957, 0, 122, 369, 350, 65, 3.30%, 32, 0, 3, 246.07
1619620972, 0, 122, 370, 351, 65, 3.30%, 32, 0, 3, 336.30
1619621003, 0, 122, 372, 353, 65, 3.30%, 32, 0, 3, 247.04
1619621212, 0, 122, 373, 354, 65, 3.30%, 32, 0, 3, 490.15
1619621939, 0, 122, 376, 357, 65, 3.32%, 32, 0, 3, 271.92
1619621944, 0, 122, 379, 360, 65, 3.34%, 32, 0, 3, 246.94
1619622224, 0, 124, 379, 359, 71, 3.34%, 32, 0, 3, 311.90
1619622234, 0, 124, 380, 360, 71, 3.34%, 32, 0, 3, 260.56
1619622259, 0, 124, 381, 361, 71, 3.34%, 32, 0, 3, 272.89
1619622264, 0, 124, 382, 362, 71, 3.34%, 32, 0, 3, 261.83
1619622285, 0, 124, 383, 363, 71, 3.34%, 32, 0, 3, 248.39
1619622503, 0, 124, 384, 364, 71, 3.34%, 32, 0, 3, 416.53
1619623234, 0, 124, 385, 365, 71, 3.34%, 32, 0, 3, 263.01
1619623239, 0, 124, 386, 366, 71, 3.34%, 32, 0, 3, 261.35
1619623509, 0, 127, 386, 365, 72, 3.34%, 32, 0, 3, 354.49
1619623621, 0, 127, 386, 365, 72, 3.34%, 33, 0, 3, 449.34
1619623982, 0, 129, 386, 364, 71, 3.34%, 33, 0, 3, 403.76
1619624083, 0, 129, 388, 366, 71, 3.36%, 34, 0, 3, 475.10
1619624443, 0, 131, 388, 365, 71, 3.36%, 34, 0, 3, 355.39
1619624635, 0, 131, 388, 365, 71, 3.36%, 35, 0, 3, 429.02
1619625158, 0, 131, 389, 366, 71, 3.36%, 35, 0, 3, 283.93
1619625199, 0, 131, 390, 367, 71, 3.36%, 35, 0, 3, 315.27
1619625356, 0, 132, 390, 366, 69, 3.36%, 35, 0, 3, 330.69
1619625553, 0, 132, 390, 366, 69, 3.36%, 36, 0, 3, 424.65
1619625635, 0, 132, 391, 367, 69, 3.36%, 36, 0, 3, 320.88
1619626253, 0, 134, 391, 366, 70, 3.36%, 36, 0, 3, 373.52
1619626279, 0, 134, 392, 367, 70, 3.36%, 36, 0, 3, 349.49
1619626304, 0, 134, 393, 368, 70, 3.36%, 36, 0, 3, 343.20
1619626456, 0, 134, 393, 368, 70, 3.36%, 37, 0, 3, 407.47
1619627178, 0, 141, 393, 367, 70, 3.36%, 37, 0, 3, 332.25
1619627373, 0, 141, 393, 367, 70, 3.36%, 38, 0, 3, 421.17
1619627439, 0, 141, 394, 368, 70, 3.36%, 38, 0, 3, 332.89
1619628092, 0, 142, 396, 369, 70, 3.37%, 38, 0, 3, 334.02
1619628097, 0, 142, 397, 370, 70, 3.37%, 38, 0, 3, 326.07
1619628183, 0, 142, 401, 374, 70, 3.37%, 38, 0, 3, 342.63
1619628286, 0, 142, 401, 374, 70, 3.37%, 39, 0, 3, 409.48
1619628327, 0, 142, 404, 377, 70, 3.37%, 39, 0, 3, 296.21
1619629011, 0, 143, 404, 376, 73, 3.37%, 39, 0, 3, 336.91
1619629210, 0, 143, 404, 376, 73, 3.37%, 40, 0, 3, 497.72
1619629256, 0, 143, 409, 381, 73, 3.37%, 40, 0, 3, 297.51
1619629277, 0, 143, 410, 382, 73, 3.37%, 40, 0, 3, 296.98
1619629943, 0, 155, 410, 381, 74, 3.37%, 40, 0, 3, 302.75
1619631233, 0, 156, 410, 380, 73, 3.37%, 40, 0, 3, 268.19
1619632523, 0, 163, 410, 379, 72, 3.37%, 40, 0, 3, 361.36
1619632624, 0, 163, 410, 379, 72, 3.37%, 41, 0, 3, 452.20
1619632706, 0, 163, 411, 380, 72, 3.37%, 41, 0, 3, 337.62
1619633005, 0, 176, 411, 379, 72, 3.37%, 41, 0, 3, 394.59
1619633015, 0, 176, 413, 381, 72, 3.38%, 41, 0, 3, 263.20
1619633061, 0, 176, 414, 382, 72, 3.38%, 41, 0, 3, 235.54
1619633132, 0, 176, 415, 383, 72, 3.38%, 41, 0, 3, 330.35
1619633238, 0, 176, 419, 387, 72, 3.38%, 41, 0, 3, 228.72
1619633248, 0, 176, 420, 388, 72, 3.38%, 41, 0, 3, 225.96
1619633258, 0, 176, 421, 389, 72, 3.38%, 41, 0, 3, 236.84
1619633268, 0, 176, 422, 390, 72, 3.38%, 41, 0, 3, 230.87
1619633284, 0, 176, 424, 392, 72, 3.38%, 41, 0, 3, 478.72
1619633289, 0, 176, 426, 394, 72, 3.38%, 41, 0, 3, 369.52
1619633976, 0, 176, 427, 395, 72, 3.38%, 41, 0, 3, 238.55
1619634311, 0, 176, 428, 396, 72, 3.38%, 41, 0, 3, 272.71
1619634316, 0, 176, 429, 397, 72, 3.38%, 41, 0, 3, 401.11
1619634321, 0, 178, 429, 396, 75, 3.38%, 41, 0, 3, 395.64
1619634463, 0, 178, 430, 397, 75, 3.38%, 41, 0, 3, 305.73
1619634601, 0, 178, 431, 398, 75, 3.38%, 41, 0, 3, 440.33
1619635616, 0, 181, 431, 397, 74, 3.38%, 41, 0, 3, 298.41
1619635682, 0, 181, 432, 398, 74, 3.38%, 41, 0, 3, 248.78
1619636838, 0, 181, 438, 404, 74, 3.40%, 41, 0, 3, 258.29
1619636914, 0, 182, 438, 403, 76, 3.40%, 41, 0, 3, 271.43
1619638198, 0, 190, 438, 402, 75, 3.40%, 41, 0, 3, 291.10
1619638229, 0, 190, 438, 402, 75, 3.40%, 42, 0, 3, 333.31
1619638270, 0, 190, 438, 402, 75, 3.40%, 43, 0, 3, 281.76
1619638473, 0, 190, 441, 405, 75, 3.40%, 43, 0, 3, 346.89
1619638478, 0, 190, 442, 406, 75, 3.40%, 43, 0, 3, 303.68
1619638483, 0, 190, 444, 408, 75, 3.40%, 43, 0, 3, 298.12
1619638488, 0, 190, 446, 410, 75, 3.40%, 43, 0, 3, 328.86
1619639449, 0, 194, 446, 409, 75, 3.40%, 44, 0, 3, 305.80
1619639474, 0, 194, 447, 410, 75, 3.40%, 44, 0, 3, 326.12
1619639698, 0, 194, 448, 411, 75, 3.40%, 44, 0, 3, 298.45
1619639708, 0, 194, 449, 412, 75, 3.41%, 45, 0, 3, 380.12
1619640495, 0, 194, 450, 413, 75, 3.41%, 45, 0, 3, 383.80
1619640500, 0, 196, 450, 412, 75, 3.41%, 46, 0, 3, 356.03
1619640768, 0, 196, 450, 412, 75, 3.41%, 47, 0, 3, 364.70
1619641565, 0, 196, 451, 413, 75, 3.41%, 47, 0, 3, 414.51
1619641570, 0, 204, 451, 412, 74, 3.41%, 51, 0, 3, 286.96
1619641580, 0, 204, 451, 412, 74, 3.41%, 52, 0, 3, 257.30
1619641605, 0, 204, 451, 412, 74, 3.41%, 58, 0, 3, 317.77
1619641702, 0, 204, 451, 412, 74, 3.41%, 60, 0, 3, 431.92
1619641707, 0, 204, 451, 412, 74, 3.41%, 61, 0, 3, 366.60
1619641717, 0, 204, 452, 413, 74, 3.41%, 61, 0, 3, 298.14
1619641793, 0, 204, 452, 413, 74, 3.41%, 62, 0, 3, 260.61
1619641829, 0, 204, 452, 413, 74, 3.41%, 63, 0, 3, 277.69
1619641839, 0, 204, 454, 415, 74, 3.41%, 63, 0, 3, 426.31
1619641870, 0, 204, 455, 416, 74, 3.41%, 63, 0, 3, 319.65
1619641890, 0, 204, 457, 418, 74, 3.41%, 64, 0, 3, 285.41
1619641916, 0, 204, 457, 418, 74, 3.41%, 69, 0, 3, 399.99
1619641956, 0, 204, 457, 418, 74, 3.41%, 70, 0, 3, 278.01
1619642764, 0, 204, 457, 418, 74, 3.41%, 71, 0, 3, 313.50
1619642846, 0, 205, 458, 418, 75, 3.41%, 71, 0, 3, 284.78
1619642856, 0, 205, 459, 419, 75, 3.41%, 71, 0, 3, 267.54
1619643134, 0, 205, 460, 420, 75, 3.41%, 71, 0, 3, 345.38
1619644114, 0, 214, 460, 419, 75, 3.41%, 71, 0, 3, 318.45
1619644369, 0, 214, 461, 420, 75, 3.41%, 71, 0, 3, 551.90
1619645288, 0, 218, 461, 419, 74, 3.41%, 71, 0, 3, 330.68
1619645628, 0, 218, 462, 420, 74, 3.41%, 71, 0, 3, 313.87
1619646350, 0, 221, 463, 420, 74, 3.41%, 71, 0, 3, 378.85
1619646527, 0, 221, 464, 421, 74, 3.41%, 71, 0, 3, 298.23
1619647452, 0, 222, 464, 420, 74, 3.41%, 71, 0, 3, 330.53
1619647831, 0, 222, 465, 421, 74, 3.41%, 71, 0, 3, 324.78
1619648553, 0, 223, 465, 420, 74, 3.41%, 71, 0, 3, 353.02
1619648776, 0, 223, 466, 421, 74, 3.41%, 71, 0, 3, 314.88
1619649647, 0, 225, 466, 420, 74, 3.41%, 71, 0, 3, 354.54
1619649952, 0, 225, 467, 421, 74, 3.41%, 71, 0, 3, 279.20
1619650678, 0, 249, 467, 420, 73, 3.41%, 71, 0, 3, 386.35
1619650683, 0, 249, 468, 421, 73, 3.41%, 71, 0, 3, 282.45
1619650693, 0, 249, 469, 422, 73, 3.41%, 71, 0, 3, 255.05
1619650713, 0, 249, 470, 423, 73, 3.41%, 71, 0, 3, 292.61
1619650840, 0, 249, 471, 424, 73, 3.41%, 71, 0, 3, 249.30
1619651959, 0, 249, 472, 425, 73, 3.41%, 71, 0, 3, 323.49
1619651964, 0, 249, 473, 426, 73, 3.42%, 71, 0, 3, 401.17
1619651969, 0, 257, 473, 425, 73, 3.42%, 71, 0, 3, 439.70
1619652278, 0, 270, 473, 424, 72, 3.42%, 71, 0, 3, 484.13
1619652483, 0, 270, 474, 425, 72, 3.42%, 72, 0, 3, 445.01
1619653345, 0, 271, 474, 424, 71, 3.42%, 72, 0, 3, 387.38
1619653869, 0, 276, 474, 423, 70, 3.42%, 72, 0, 3, 420.63
1619654038, 0, 276, 475, 424, 70, 3.42%, 72, 0, 3, 463.54
1619654754, 0, 283, 475, 423, 69, 3.42%, 72, 0, 3, 426.46
1619655113, 0, 303, 475, 422, 68, 3.42%, 72, 0, 3, 429.37
1619655946, 0, 304, 475, 421, 67, 3.42%, 72, 0, 3, 379.45
1619656146, 0, 304, 475, 421, 67, 3.42%, 73, 0, 3, 444.14
1619656875, 0, 314, 476, 421, 66, 3.42%, 73, 0, 4, 295.69
1619657096, 0, 314, 484, 429, 66, 3.46%, 73, 0, 4, 258.03
1619657101, 0, 314, 487, 432, 66, 3.47%, 73, 0, 4, 232.80
1619657147, 0, 314, 488, 433, 66, 3.47%, 73, 0, 4, 427.97
1619658153, 0, 317, 488, 432, 73, 3.47%, 73, 0, 4, 334.24
1619658457, 0, 317, 488, 432, 73, 3.47%, 74, 0, 4, 377.42
1619659427, 0, 318, 489, 432, 72, 3.47%, 74, 0, 4, 368.79
1619660686, 0, 319, 489, 431, 71, 3.47%, 74, 0, 4, 353.33
1619660894, 0, 319, 489, 431, 71, 3.47%, 75, 0, 4, 414.60
1619661569, 0, 329, 489, 430, 70, 3.47%, 75, 0, 4, 383.71
1619661792, 0, 329, 490, 431, 70, 3.47%, 75, 0, 4, 378.05
1619662715, 0, 333, 490, 430, 69, 3.47%, 75, 0, 4, 354.75
1619663669, 0, 334, 490, 429, 68, 3.47%, 75, 0, 4, 309.14
1619663958, 0, 334, 491, 430, 68, 3.47%, 75, 0, 4, 505.29
1619663963, 0, 334, 492, 431, 68, 3.47%, 75, 0, 4, 353.99
1619664975, 0, 335, 494, 432, 68, 3.47%, 75, 0, 4, 320.50
1619664986, 0, 335, 495, 433, 68, 3.47%, 75, 0, 4, 266.70
1619665249, 0, 335, 501, 439, 68, 3.47%, 75, 0, 4, 352.20
1619665264, 0, 335, 502, 440, 68, 3.47%, 75, 0, 4, 300.12
1619665274, 0, 335, 503, 441, 68, 3.47%, 75, 0, 4, 318.31
1619666261, 0, 336, 503, 440, 68, 3.47%, 75, 0, 4, 325.79
1619666368, 0, 336, 504, 441, 68, 3.47%, 75, 0, 4, 330.68
1619666495, 0, 336, 504, 441, 68, 3.47%, 76, 0, 4, 487.20
1619666576, 0, 336, 505, 442, 68, 3.47%, 76, 0, 4, 321.17
1619667317, 0, 341, 508, 444, 67, 3.47%, 76, 0, 4, 359.22
1619667322, 0, 341, 509, 445, 67, 3.47%, 76, 0, 4, 225.57
1619667327, 0, 341, 510, 446, 67, 3.47%, 76, 0, 4, 237.84
1619667337, 0, 341, 511, 447, 67, 3.47%, 76, 0, 4, 232.26
1619667352, 0, 341, 514, 450, 67, 3.47%, 76, 0, 4, 316.57
1619667367, 0, 341, 515, 451, 67, 3.47%, 76, 0, 4, 207.59
1619667463, 0, 341, 517, 453, 67, 3.47%, 76, 0, 4, 316.70
1619667474, 0, 341, 518, 454, 67, 3.47%, 76, 0, 4, 305.96
1619667489, 0, 341, 520, 456, 67, 3.47%, 76, 0, 4, 193.94
1619667504, 0, 341, 521, 457, 67, 3.47%, 76, 0, 4, 192.46
1619667515, 0, 341, 522, 458, 67, 3.47%, 76, 0, 4, 272.79
1619667525, 0, 341, 524, 460, 67, 3.47%, 76, 0, 4, 205.97
1619667540, 0, 341, 525, 461, 67, 3.47%, 76, 0, 4, 259.77
1619667571, 0, 341, 526, 462, 67, 3.47%, 76, 0, 4, 274.81
1619667622, 0, 341, 527, 463, 67, 3.47%, 76, 0, 4, 457.42
1619668776, 0, 341, 529, 465, 67, 3.47%, 76, 0, 4, 275.55
1619668801, 0, 342, 530, 465, 67, 3.47%, 76, 0, 4, 333.02
1619668964, 0, 342, 531, 466, 67, 3.47%, 76, 0, 4, 279.40
1619669147, 0, 342, 532, 467, 67, 3.47%, 76, 0, 4, 283.78
1619670276, 0, 343, 534, 468, 67, 3.48%, 76, 0, 4, 402.96
1619670291, 0, 343, 535, 469, 67, 3.48%, 76, 0, 4, 418.05
1619670327, 0, 344, 535, 468, 68, 3.48%, 76, 0, 4, 481.85
1619671440, 0, 346, 535, 467, 67, 3.48%, 76, 0, 4, 347.57
1619671546, 0, 346, 536, 468, 67, 3.48%, 76, 0, 4, 307.98
1619672381, 0, 350, 537, 468, 67, 3.48%, 76, 0, 4, 441.75
1619672396, 0, 350, 538, 469, 67, 3.48%, 76, 0, 4, 284.19
1619672406, 0, 350, 539, 470, 67, 3.48%, 76, 0, 4, 340.93
1619672427, 0, 350, 540, 471, 67, 3.48%, 76, 0, 4, 292.81
1619672482, 0, 350, 541, 472, 67, 3.48%, 76, 0, 4, 350.50
1619672563, 0, 350, 549, 480, 67, 3.48%, 76, 0, 4, 317.08
1619672594, 0, 350, 549, 480, 67, 3.48%, 77, 0, 4, 390.31
1619673400, 0, 353, 549, 479, 70, 3.48%, 77, 0, 4, 328.45
1619673603, 0, 353, 549, 479, 70, 3.48%, 78, 0, 4, 419.86
1619674340, 0, 356, 549, 478, 69, 3.48%, 78, 0, 4, 339.47
1619675630, 0, 357, 549, 477, 68, 3.48%, 78, 0, 4, 323.18
1619676870, 0, 365, 549, 476, 67, 3.48%, 78, 0, 4, 329.87
1619677098, 0, 365, 549, 476, 67, 3.48%, 79, 0, 4, 407.90
1619677854, 0, 371, 549, 475, 66, 3.48%, 79, 0, 4, 371.98
1619678062, 0, 371, 549, 475, 66, 3.48%, 80, 0, 4, 453.29
1619678750, 0, 372, 549, 474, 65, 3.48%, 80, 0, 4, 370.23
1619679938, 0, 372, 551, 476, 65, 3.49%, 80, 0, 4, 224.81
1619680235, 0, 373, 551, 475, 64, 3.49%, 80, 0, 4, 287.90
1619681274, 0, 373, 552, 476, 64, 3.49%, 80, 0, 4, 231.95
1619681565, 0, 374, 552, 475, 64, 3.49%, 80, 0, 4, 301.42
1619682891, 0, 375, 553, 475, 63, 3.49%, 80, 0, 4, 360.36
1619684263, 0, 375, 554, 476, 63, 3.49%, 80, 0, 4, 343.85
1619684268, 0, 375, 555, 477, 63, 3.49%, 80, 0, 4, 402.05
1619684273, 0, 376, 555, 476, 63, 3.49%, 80, 0, 4, 315.94
1619684567, 0, 376, 556, 477, 63, 3.51%, 80, 0, 4, 343.63
1619685638, 0, 376, 557, 478, 63, 3.51%, 80, 0, 4, 342.24
1619685643, 0, 377, 557, 477, 63, 3.51%, 80, 0, 4, 355.87
1619685648, 0, 377, 558, 478, 63, 3.52%, 80, 0, 4, 319.92
1619685846, 0, 377, 560, 480, 63, 3.52%, 80, 0, 4, 280.76
1619685867, 0, 377, 560, 480, 63, 3.52%, 81, 0, 4, 494.80
1619686517, 0, 377, 561, 481, 63, 3.52%, 81, 0, 4, 292.78
1619686710, 0, 378, 561, 480, 63, 3.52%, 81, 0, 4, 338.59
1619687004, 0, 378, 562, 481, 63, 3.53%, 81, 0, 4, 372.83
1619688066, 0, 378, 563, 482, 63, 3.53%, 81, 0, 4, 275.66
1619688071, 0, 380, 564, 482, 64, 3.54%, 81, 0, 4, 388.21
1619688076, 0, 380, 565, 483, 64, 3.54%, 81, 0, 4, 323.57
1619689019, 0, 382, 565, 482, 64, 3.54%, 81, 0, 4, 298.63
1619689278, 0, 382, 566, 483, 64, 3.54%, 81, 0, 4, 266.75
1619689288, 0, 382, 567, 484, 64, 3.54%, 81, 0, 4, 372.47
1619690295, 0, 386, 567, 483, 64, 3.54%, 81, 0, 4, 360.06
1619690768, 0, 387, 567, 482, 63, 3.54%, 81, 0, 4, 427.22
1619691245, 0, 389, 567, 481, 62, 3.54%, 81, 0, 4, 376.03
1619692053, 0, 389, 568, 482, 62, 3.54%, 81, 0, 4, 301.54
1619692154, 0, 390, 568, 481, 61, 3.54%, 81, 0, 4, 358.67
1619692159, 0, 390, 570, 483, 61, 3.54%, 81, 0, 4, 338.31
1619692271, 0, 390, 571, 484, 61, 3.54%, 81, 0, 4, 301.72
1619693059, 0, 390, 572, 485, 61, 3.54%, 81, 0, 4, 375.64
1619693064, 0, 390, 573, 486, 61, 3.54%, 81, 0, 4, 447.12
1619693069, 0, 391, 573, 485, 61, 3.54%, 81, 0, 4, 391.00
1619693084, 0, 391, 574, 486, 61, 3.54%, 81, 0, 4, 351.96
1619693556, 0, 393, 575, 486, 60, 3.54%, 81, 0, 4, 470.80
1619694068, 0, 393, 576, 487, 60, 3.54%, 81, 0, 4, 319.55
1619694455, 0, 395, 576, 486, 60, 3.54%, 81, 0, 4, 375.51
1619694546, 0, 395, 579, 489, 60, 3.54%, 81, 0, 4, 352.77
1619694643, 0, 395, 579, 489, 60, 3.54%, 82, 0, 4, 444.88
