# unix_time, cycles_done, cur_path, paths_total, pending_total, pending_favs, map_size, unique_crashes, unique_hangs, max_depth, execs_per_sec
1630397022, 0, 0, 1, 1, 1, 0.04%, 0, 0, 1, 0.17
1630397027, 0, 0, 6, 6, 1, 0.05%, 0, 0, 2, 118.96
1630397032, 0, 0, 9, 9, 1, 0.05%, 0, 0, 2, 14.87
1630397042, 0, 0, 22, 22, 1, 0.05%, 0, 0, 2, 42.48
1630397047, 0, 0, 28, 28, 1, 0.05%, 0, 0, 2, 25.60
1630397058, 0, 0, 30, 30, 1, 0.05%, 0, 0, 2, 12.57
1630397063, 0, 0, 31, 31, 1, 0.05%, 0, 0, 2, 12.76
1630397088, 0, 0, 34, 34, 1, 0.05%, 0, 0, 2, 20.64
1630397093, 0, 0, 36, 36, 1, 0.05%, 0, 0, 2, 14.08
1630397099, 0, 0, 37, 37, 1, 0.05%, 0, 0, 2, 12.21
1630397104, 0, 0, 38, 38, 1, 0.05%, 0, 0, 2, 11.40
1630397114, 0, 0, 39, 39, 1, 0.05%, 0, 0, 2, 12.91
1630397130, 0, 0, 41, 41, 1, 0.05%, 0, 0, 2, 12.25
1630397135, 0, 0, 43, 43, 1, 0.05%, 0, 0, 2, 13.39
1630397140, 0, 0, 44, 44, 1, 0.05%, 0, 0, 2, 33.10
1630397176, 0, 0, 46, 46, 1, 0.05%, 0, 0, 2, 39.71
1630397206, 0, 0, 47, 47, 1, 0.05%, 0, 0, 2, 191.22
1630397217, 0, 0, 51, 51, 1, 0.05%, 0, 0, 2, 41.11
1630397222, 0, 0, 52, 52, 1, 0.05%, 0, 0, 2, 20.57
1630397252, 0, 0, 53, 53, 1, 0.05%, 0, 0, 2, 12.74
1630397263, 0, 0, 54, 54, 1, 0.05%, 0, 0, 2, 12.93
1630397288, 0, 0, 55, 55, 1, 0.05%, 0, 0, 2, 16.55
1630397298, 0, 0, 56, 56, 1, 0.05%, 0, 0, 2, 15.44
1630397308, 0, 0, 59, 59, 1, 0.05%, 0, 0, 2, 15.47
1630397319, 0, 0, 64, 64, 1, 0.05%, 0, 0, 2, 24.95
1630397375, 0, 0, 67, 67, 1, 0.05%, 0, 0, 2, 28.64
1630397380, 0, 0, 70, 70, 1, 0.05%, 0, 0, 2, 45.08
1630397385, 0, 0, 72, 72, 1, 0.05%, 0, 0, 2, 66.31
1630397390, 0, 0, 77, 77, 1, 0.05%, 0, 0, 2, 48.83
1630397395, 0, 0, 78, 78, 1, 0.05%, 0, 0, 2, 21.77
1630397421, 0, 0, 79, 79, 1, 0.05%, 0, 0, 2, 13.26
1630397426, 0, 0, 80, 80, 1, 0.05%, 0, 0, 2, 13.06
1630397462, 0, 0, 81, 81, 1, 0.05%, 0, 0, 2, 13.24
1630397621, 0, 0, 82, 82, 1, 0.05%, 0, 0, 2, 14.50
1630397631, 0, 0, 83, 83, 1, 0.06%, 0, 0, 2, 29.48
1630397646, 0, 0, 84, 84, 1, 0.06%, 0, 0, 2, 13.34
1630397651, 0, 0, 85, 85, 1, 0.06%, 0, 0, 2, 13.16
1630397687, 0, 0, 86, 86, 1, 0.06%, 0, 0, 2, 13.20
1630397697, 0, 0, 87, 87, 1, 0.06%, 0, 0, 2, 13.39
1630397774, 0, 0, 88, 88, 1, 0.06%, 0, 0, 2, 13.31
1630397855, 0, 0, 89, 89, 1, 0.06%, 0, 0, 2, 177.57
1630397881, 0, 0, 96, 96, 1, 0.06%, 0, 0, 2, 22.98
1630397886, 0, 0, 100, 100, 1, 0.06%, 0, 0, 2, 36.47
1630398019, 0, 0, 101, 101, 1, 0.06%, 0, 0, 2, 78.42
1630398136, 0, 0, 104, 104, 1, 0.06%, 0, 0, 2, 149.66
1630398141, 0, 0, 113, 113, 1, 0.06%, 0, 0, 2, 94.33
1630398146, 0, 0, 117, 117, 1, 0.06%, 0, 0, 2, 39.20
1630398151, 0, 0, 119, 119, 1, 0.06%, 0, 0, 2, 36.36
1630398157, 0, 0, 121, 121, 1, 0.06%, 0, 0, 2, 48.48
1630398162, 0, 0, 122, 122, 1, 0.06%, 0, 0, 2, 22.46
1630398172, 0, 0, 123, 123, 1, 0.06%, 0, 0, 2, 34.71
1630398177, 0, 0, 124, 124, 1, 0.06%, 0, 0, 2, 32.15
1630398182, 0, 0, 125, 125, 1, 0.06%, 0, 0, 2, 47.06
1630398197, 0, 0, 126, 126, 1, 0.06%, 0, 0, 2, 74.20
1630398203, 0, 0, 127, 127, 1, 0.06%, 0, 0, 2, 2.26
1630398234, 0, 0, 128, 128, 1, 0.06%, 0, 0, 2, 67.76
1630398239, 0, 0, 129, 129, 1, 0.06%, 0, 0, 2, 67.68
1630398254, 0, 0, 131, 131, 1, 0.07%, 0, 0, 2, 13.85
1630398259, 0, 0, 132, 132, 1, 0.07%, 0, 0, 2, 16.24
1630398310, 0, 0, 133, 133, 1, 0.07%, 0, 0, 2, 13.35
1630398867, 0, 0, 134, 134, 1, 0.07%, 0, 0, 2, 14.02
1630399102, 0, 0, 135, 135, 1, 0.07%, 0, 0, 2, 13.04
1630399307, 0, 0, 136, 136, 1, 0.07%, 0, 0, 2, 13.66
1630399358, 0, 0, 137, 137, 1, 0.07%, 0, 0, 2, 16.92
1630399398, 0, 0, 139, 139, 1, 0.07%, 0, 0, 2, 65.72
1630399403, 0, 0, 141, 141, 1, 0.07%, 0, 0, 2, 49.66
1630399408, 0, 0, 143, 143, 1, 0.07%, 0, 0, 2, 38.48
1630399454, 0, 0, 144, 144, 1, 0.07%, 0, 0, 2, 23.45
1630399460, 0, 0, 146, 146, 1, 0.07%, 0, 0, 2, 24.93
1630399465, 0, 0, 147, 147, 1, 0.07%, 0, 0, 2, 17.77
1630399506, 0, 0, 148, 148, 1, 0.07%, 0, 0, 2, 21.01
1630399552, 0, 0, 149, 149, 1, 0.07%, 0, 0, 2, 20.44
1630399925, 0, 0, 150, 150, 1, 0.07%, 0, 0, 2, 18.88
1630400119, 0, 0, 152, 152, 1, 0.07%, 0, 0, 2, 38.10
1630400124, 0, 0, 154, 154, 1, 0.07%, 0, 0, 2, 2.29
1630400196, 0, 0, 155, 155, 1, 0.07%, 0, 0, 2, 69.57
1630400216, 0, 0, 156, 156, 1, 0.07%, 0, 0, 2, 68.37
1630400227, 0, 0, 157, 157, 1, 0.07%, 0, 0, 2, 68.03
1630400278, 0, 0, 158, 158, 1, 0.07%, 0, 0, 2, 13.24
1630400293, 0, 0, 159, 159, 1, 0.07%, 0, 0, 2, 14.31
1630400309, 0, 0, 160, 160, 1, 0.07%, 0, 0, 2, 13.19
1630400314, 0, 0, 161, 161, 1, 0.07%, 0, 0, 2, 13.22
1630401301, 0, 0, 162, 162, 1, 0.07%, 0, 0, 2, 13.11
1630403464, 0, 0, 163, 163, 1, 0.07%, 0, 0, 2, 57.81
1630403576, 0, 0, 164, 164, 1, 0.07%, 0, 0, 2, 13.34
1630406696, 0, 0, 171, 171, 1, 0.07%, 0, 0, 2, 43.91
1630406701, 0, 0, 182, 182, 1, 0.07%, 0, 0, 2, 56.00
1630406707, 0, 0, 185, 185, 1, 0.07%, 0, 0, 2, 89.11
1630406712, 0, 0, 188, 188, 1, 0.07%, 0, 0, 2, 105.09
1630406717, 0, 0, 189, 189, 1, 0.07%, 0, 0, 2, 21.55
1630406722, 0, 0, 194, 194, 1, 0.07%, 0, 0, 2, 101.84
1630406727, 0, 0, 195, 195, 1, 0.07%, 0, 0, 2, 73.69
1630406732, 0, 0, 197, 197, 1, 0.07%, 0, 0, 2, 72.88
1630406737, 0, 0, 198, 198, 1, 0.07%, 0, 0, 2, 52.91
1630406742, 0, 0, 201, 201, 1, 0.07%, 0, 0, 2, 45.14
1630406748, 0, 0, 205, 205, 1, 0.07%, 0, 0, 2, 42.78
1630406753, 0, 0, 208, 208, 1, 0.07%, 0, 0, 2, 59.48
1630406758, 0, 0, 209, 209, 1, 0.07%, 0, 0, 2, 57.01
1630406763, 0, 0, 210, 210, 1, 0.07%, 0, 0, 2, 74.92
1630406768, 0, 0, 211, 211, 1, 0.07%, 0, 0, 2, 75.00
1630406773, 0, 0, 214, 214, 1, 0.07%, 0, 0, 2, 72.34
1630406778, 0, 0, 215, 215, 1, 0.07%, 0, 0, 2, 97.24
1630406794, 0, 0, 216, 216, 1, 0.07%, 0, 0, 2, 67.83
1630406799, 0, 0, 217, 217, 1, 0.07%, 0, 0, 2, 70.51
1630406804, 0, 0, 218, 218, 1, 0.07%, 0, 0, 2, 68.43
1630406830, 0, 0, 219, 219, 1, 0.07%, 0, 0, 2, 65.30
1630406850, 0, 0, 221, 221, 1, 0.07%, 0, 0, 2, 26.60
1630406876, 0, 0, 222, 222, 1, 0.07%, 0, 0, 2, 72.82
1630406881, 0, 0, 223, 223, 1, 0.07%, 0, 0, 2, 14.57
1630406906, 0, 0, 224, 224, 1, 0.07%, 0, 0, 2, 55.98
1630406917, 0, 0, 225, 225, 1, 0.07%, 0, 0, 2, 68.52
1630406927, 0, 0, 226, 226, 1, 0.07%, 0, 0, 2, 68.95
1630406952, 0, 16, 226, 225, 68, 0.07%, 0, 0, 2, 74.32
1630409062, 0, 18, 226, 224, 67, 0.07%, 0, 0, 2, 85.11
1630409119, 0, 18, 227, 225, 67, 0.07%, 0, 0, 3, 65.55
1630411517, 0, 18, 229, 227, 67, 0.07%, 0, 0, 3, 95.15
1630411527, 0, 18, 230, 228, 67, 0.07%, 0, 0, 3, 116.36
1630411532, 0, 18, 231, 229, 67, 0.07%, 0, 0, 3, 113.24
1630411558, 0, 18, 232, 230, 67, 0.07%, 0, 0, 3, 111.98
1630411583, 0, 18, 233, 231, 67, 0.07%, 0, 0, 3, 114.69
1630411588, 0, 18, 234, 232, 67, 0.07%, 0, 0, 3, 113.68
1630411593, 0, 18, 235, 233, 67, 0.07%, 0, 0, 3, 110.45
1630411599, 0, 18, 236, 234, 67, 0.07%, 0, 0, 3, 113.97
1630411604, 0, 18, 237, 235, 67, 0.07%, 0, 0, 3, 108.43
1630411614, 0, 18, 238, 236, 67, 0.07%, 0, 0, 3, 109.89
1630411619, 0, 18, 239, 237, 67, 0.07%, 0, 0, 3, 113.41
1630411629, 0, 18, 240, 238, 67, 0.07%, 0, 0, 3, 113.23
1630411639, 0, 18, 241, 239, 67, 0.07%, 0, 0, 3, 110.99
1630411654, 0, 18, 242, 240, 67, 0.07%, 0, 0, 3, 113.78
1630411659, 0, 19, 242, 239, 68, 0.07%, 0, 0, 3, 99.66
1630413844, 0, 23, 242, 238, 67, 0.07%, 0, 0, 3, 26.80
1630413854, 0, 23, 243, 239, 67, 0.07%, 0, 0, 3, 30.78
1630413890, 0, 23, 244, 240, 67, 0.07%, 0, 0, 3, 18.99
1630414988, 0, 23, 245, 241, 67, 0.07%, 0, 0, 3, 106.34
1630416077, 0, 23, 246, 242, 67, 0.07%, 0, 0, 3, 15.56
1630423518, 0, 47, 246, 241, 68, 0.07%, 0, 0, 3, 68.14
1630423554, 0, 47, 247, 242, 68, 0.07%, 0, 0, 3, 70.14
1630425595, 0, 47, 248, 243, 68, 0.07%, 0, 0, 3, 112.66
1630425606, 0, 48, 248, 242, 68, 0.07%, 0, 0, 3, 92.98
1630426346, 0, 48, 249, 243, 68, 0.07%, 0, 0, 3, 68.15
1630426366, 0, 48, 250, 244, 68, 0.07%, 0, 0, 3, 67.70
1630427722, 0, 51, 250, 243, 67, 0.07%, 0, 0, 3, 96.66
1630427763, 0, 51, 251, 244, 67, 0.07%, 0, 0, 3, 67.72
1630428305, 0, 51, 252, 245, 67, 0.07%, 0, 0, 3, 68.01
1630428533, 0, 51, 253, 246, 67, 0.07%, 0, 0, 3, 80.02
1630429962, 0, 56, 253, 245, 66, 0.07%, 0, 0, 3, 110.71
1630431305, 0, 57, 253, 244, 65, 0.07%, 0, 0, 3, 89.09
1630433611, 0, 61, 253, 243, 64, 0.07%, 0, 0, 3, 17.04
1630435649, 0, 61, 254, 244, 64, 0.07%, 0, 0, 3, 13.80
1630443090, 0, 64, 254, 243, 63, 0.07%, 0, 0, 3, 76.00
1630443407, 0, 64, 255, 244, 63, 0.07%, 0, 0, 3, 79.69
1630443438, 0, 64, 256, 245, 63, 0.07%, 0, 0, 3, 103.99
1630443928, 0, 64, 257, 246, 63, 0.07%, 0, 0, 3, 62.25
1630443974, 0, 64, 258, 247, 63, 0.07%, 0, 0, 3, 61.61
1630445488, 0, 66, 258, 246, 66, 0.07%, 0, 0, 3, 72.20
1630445493, 0, 66, 259, 247, 66, 0.07%, 0, 0, 3, 51.64
1630445605, 0, 66, 260, 248, 66, 0.07%, 0, 0, 3, 37.62
1630446360, 0, 66, 261, 249, 66, 0.07%, 0, 0, 3, 39.35
1630449251, 0, 70, 261, 248, 66, 0.07%, 0, 0, 3, 88.68
1630451331, 0, 72, 261, 247, 65, 0.07%, 0, 0, 3, 96.22
1630453437, 0, 76, 261, 246, 64, 0.07%, 0, 0, 3, 17.20
1630456613, 0, 76, 263, 248, 64, 0.07%, 0, 0, 3, 17.46
1630456618, 0, 76, 265, 250, 64, 0.08%, 0, 0, 3, 14.13
1630456623, 0, 76, 267, 252, 64, 0.08%, 0, 0, 3, 13.38
1630456633, 0, 76, 268, 253, 64, 0.08%, 0, 0, 3, 13.23
1630456638, 0, 76, 269, 254, 64, 0.08%, 0, 0, 3, 13.37
1630456643, 0, 76, 270, 255, 64, 0.08%, 0, 0, 3, 13.11
1630463086, 0, 77, 270, 254, 70, 0.08%, 0, 0, 3, 68.27
1630466268, 0, 77, 271, 255, 70, 0.08%, 0, 0, 3, 15.46
1630472700, 0, 78, 271, 254, 70, 0.08%, 0, 0, 3, 14.29
1630482257, 0, 82, 271, 253, 69, 0.08%, 0, 0, 3, 73.00
1630482957, 0, 82, 272, 254, 69, 0.08%, 0, 0, 3, 67.96
1630484691, 0, 82, 273, 255, 69, 0.08%, 0, 0, 3, 101.08
1630484696, 0, 82, 274, 256, 69, 0.08%, 0, 0, 3, 102.53
1630484706, 0, 82, 275, 257, 69, 0.08%, 0, 0, 3, 119.40
1630484716, 0, 82, 276, 258, 69, 0.08%, 0, 0, 3, 113.74
1630484721, 0, 82, 278, 260, 69, 0.08%, 0, 0, 3, 116.21
1630484742, 0, 82, 279, 261, 69, 0.08%, 0, 0, 3, 115.26
1630484757, 0, 82, 280, 262, 69, 0.08%, 0, 0, 3, 112.53
1630484778, 0, 82, 281, 263, 69, 0.08%, 0, 0, 3, 117.82
1630484793, 0, 84, 281, 262, 68, 0.08%, 0, 0, 3, 28.27
