# unix_time, cycles_done, cur_path, paths_total, pending_total, pending_favs, map_size, unique_crashes, unique_hangs, max_depth, execs_per_sec
1629106979, 0, 0, 1, 1, 1, 2.26%, 0, 0, 1, 7.16
1629106984, 0, 0, 15, 15, 1, 2.42%, 10, 0, 2, 77.31
1629106989, 0, 0, 43, 43, 1, 2.50%, 10, 0, 2, 71.21
1629106995, 0, 0, 52, 52, 1, 2.50%, 10, 0, 2, 59.15
1629107000, 0, 0, 54, 54, 1, 2.50%, 10, 0, 2, 54.72
1629107005, 0, 0, 60, 60, 1, 2.50%, 10, 0, 2, 52.90
1629107010, 0, 0, 63, 63, 1, 2.50%, 10, 0, 2, 51.90
1629107015, 0, 0, 65, 65, 1, 2.50%, 10, 0, 2, 52.18
1629107020, 0, 0, 75, 75, 1, 2.53%, 10, 0, 2, 53.76
1629107025, 0, 0, 77, 77, 1, 2.53%, 10, 0, 2, 53.87
1629107030, 0, 0, 82, 82, 1, 2.53%, 10, 0, 2, 53.90
1629107035, 0, 0, 89, 89, 1, 2.56%, 10, 0, 2, 66.50
1629107040, 0, 0, 93, 93, 1, 2.57%, 10, 0, 2, 56.43
1629107051, 0, 0, 95, 95, 1, 2.57%, 10, 0, 2, 50.93
1629107056, 0, 0, 96, 96, 1, 2.57%, 10, 0, 2, 53.63
1629107066, 0, 0, 97, 97, 1, 2.58%, 10, 0, 2, 51.72
1629107076, 0, 0, 98, 98, 1, 2.58%, 10, 0, 2, 72.37
1629107081, 0, 0, 103, 103, 1, 2.59%, 10, 0, 2, 59.64
1629107122, 0, 0, 104, 104, 1, 2.59%, 10, 0, 2, 53.15
1629107127, 0, 0, 106, 106, 1, 2.59%, 11, 0, 2, 54.48
1629107132, 0, 0, 107, 107, 1, 2.61%, 11, 0, 2, 80.80
1629107137, 0, 0, 108, 108, 1, 2.62%, 12, 0, 2, 129.24
1629107142, 0, 0, 110, 110, 1, 2.62%, 12, 0, 2, 78.06
1629107147, 0, 0, 112, 112, 1, 2.62%, 12, 0, 2, 63.56
1629107152, 0, 0, 113, 113, 1, 2.63%, 12, 0, 2, 60.63
1629107158, 0, 0, 117, 117, 1, 2.67%, 12, 0, 2, 60.52
1629107255, 0, 0, 118, 118, 1, 2.67%, 12, 0, 2, 48.82
1629107260, 0, 0, 119, 119, 1, 2.70%, 12, 0, 2, 50.28
1629107352, 0, 0, 122, 122, 1, 2.70%, 12, 0, 2, 49.85
1629107382, 0, 0, 124, 124, 1, 2.70%, 12, 0, 2, 55.53
1629107418, 0, 0, 125, 125, 1, 2.70%, 12, 0, 2, 50.11
1629107423, 0, 0, 126, 126, 1, 2.71%, 12, 0, 2, 50.92
1629107443, 0, 0, 128, 128, 1, 2.71%, 14, 0, 2, 65.66
1629107469, 0, 0, 129, 129, 1, 2.72%, 14, 0, 2, 112.43
1629107591, 0, 0, 130, 130, 1, 2.72%, 14, 0, 2, 103.40
1629107779, 0, 0, 130, 130, 1, 2.72%, 15, 0, 2, 146.34
1629107784, 0, 0, 130, 130, 1, 2.72%, 16, 0, 2, 152.97
1629107799, 0, 0, 136, 136, 1, 2.72%, 16, 0, 2, 87.06
1629107804, 0, 0, 140, 140, 1, 2.72%, 16, 0, 2, 69.43
1629107814, 0, 0, 147, 147, 1, 2.74%, 16, 0, 2, 62.54
1629107819, 0, 0, 150, 150, 1, 2.74%, 16, 0, 2, 58.38
1629107824, 0, 0, 153, 153, 1, 2.74%, 16, 0, 2, 58.72
1629107830, 0, 0, 155, 155, 1, 2.74%, 16, 0, 2, 58.76
1629107835, 0, 0, 156, 156, 1, 2.74%, 16, 0, 2, 60.45
1629107845, 0, 0, 158, 158, 1, 2.74%, 16, 0, 2, 59.83
1629107865, 0, 0, 160, 160, 1, 2.75%, 16, 0, 2, 64.10
1629107957, 0, 0, 161, 161, 1, 2.75%, 16, 0, 2, 51.94
1629108054, 0, 0, 162, 162, 1, 2.75%, 16, 0, 2, 49.36
1629108110, 0, 0, 163, 163, 1, 2.75%, 16, 0, 2, 50.04
1629108171, 0, 0, 164, 164, 1, 2.75%, 16, 0, 2, 50.27
1629108191, 0, 0, 167, 167, 1, 2.75%, 16, 0, 2, 58.36
1629108196, 0, 0, 168, 168, 1, 2.75%, 16, 0, 2, 59.71
1629108263, 0, 0, 169, 169, 1, 2.75%, 16, 0, 2, 51.17
1629108268, 0, 0, 170, 170, 1, 2.81%, 16, 0, 2, 55.11
1629108303, 0, 0, 171, 171, 1, 2.82%, 16, 0, 2, 49.68
1629108313, 0, 0, 174, 174, 1, 2.83%, 16, 0, 2, 59.44
1629108430, 0, 0, 175, 175, 1, 2.85%, 16, 0, 2, 59.57
1629108471, 0, 0, 176, 176, 1, 2.85%, 16, 0, 2, 50.69
1629108476, 0, 0, 177, 177, 1, 2.85%, 16, 0, 2, 51.79
1629108487, 0, 0, 178, 178, 1, 2.85%, 16, 0, 2, 50.62
1629108517, 0, 0, 180, 180, 1, 2.85%, 16, 0, 2, 54.85
1629108680, 0, 0, 182, 182, 1, 2.85%, 16, 0, 2, 72.06
1629108685, 0, 0, 185, 185, 1, 2.87%, 16, 0, 2, 56.84
1629108705, 0, 0, 185, 185, 1, 2.87%, 17, 0, 2, 178.76
1629108711, 0, 0, 187, 187, 1, 2.89%, 17, 0, 2, 146.21
1629108716, 0, 0, 198, 198, 1, 3.05%, 17, 0, 2, 74.05
1629108721, 0, 0, 207, 207, 1, 3.26%, 17, 0, 2, 66.41
1629108726, 0, 0, 212, 212, 1, 3.27%, 17, 0, 2, 67.74
1629108731, 0, 0, 219, 219, 1, 3.28%, 17, 0, 2, 64.51
1629108807, 0, 0, 222, 222, 1, 3.28%, 17, 0, 2, 79.97
1629108903, 0, 0, 223, 223, 1, 3.28%, 17, 0, 2, 58.85
1629109046, 0, 0, 228, 228, 1, 3.28%, 17, 0, 2, 53.64
1629109051, 0, 0, 233, 233, 1, 3.28%, 17, 0, 2, 52.98
1629109056, 0, 0, 240, 240, 1, 3.29%, 17, 0, 2, 53.32
1629109061, 0, 0, 245, 245, 1, 3.29%, 17, 0, 2, 53.64
1629109066, 0, 0, 247, 247, 1, 3.29%, 17, 0, 2, 56.04
1629111879, 0, 0, 248, 248, 1, 3.29%, 17, 0, 2, 57.27
1629111894, 0, 0, 249, 249, 1, 3.29%, 17, 0, 2, 52.04
1629111899, 0, 0, 252, 252, 1, 3.29%, 17, 0, 2, 49.45
1629112118, 0, 0, 253, 253, 1, 3.29%, 17, 0, 2, 52.93
1629113039, 0, 0, 254, 254, 1, 3.29%, 17, 0, 2, 66.12
1629113391, 0, 0, 255, 255, 1, 3.29%, 18, 0, 2, 59.38
1629113396, 0, 0, 267, 267, 1, 3.29%, 19, 0, 2, 86.75
1629113401, 0, 0, 270, 270, 1, 3.30%, 19, 0, 2, 90.72
1629113406, 0, 0, 271, 271, 1, 3.30%, 19, 0, 2, 100.18
1629113411, 0, 0, 272, 272, 1, 3.30%, 19, 0, 2, 100.58
1629113416, 0, 0, 273, 273, 1, 3.30%, 19, 0, 2, 94.79
1629113421, 0, 0, 275, 275, 1, 3.30%, 19, 0, 2, 97.78
1629113431, 0, 0, 276, 276, 1, 3.30%, 19, 0, 2, 98.95
1629113436, 0, 0, 277, 277, 1, 3.30%, 19, 0, 2, 99.79
1629113441, 0, 0, 278, 278, 1, 3.30%, 19, 0, 2, 97.12
1629113446, 0, 0, 279, 279, 1, 3.30%, 19, 0, 2, 94.72
1629113456, 0, 0, 281, 281, 1, 3.30%, 19, 0, 2, 101.61
1629113461, 0, 2, 281, 280, 67, 3.30%, 19, 0, 2, 77.76
1629113482, 0, 2, 282, 281, 67, 3.30%, 19, 0, 3, 53.35
1629113492, 0, 2, 283, 282, 67, 3.30%, 19, 0, 3, 55.82
1629113502, 0, 2, 284, 283, 67, 3.30%, 19, 0, 3, 75.38
1629113594, 0, 2, 285, 284, 67, 3.30%, 19, 0, 3, 115.25
1629114057, 0, 2, 286, 285, 67, 3.30%, 19, 0, 3, 59.27
1629114062, 0, 2, 287, 286, 67, 3.30%, 19, 0, 3, 60.15
1629114143, 0, 2, 288, 287, 67, 3.30%, 19, 0, 3, 52.96
1629114297, 0, 2, 289, 288, 67, 3.30%, 19, 0, 3, 53.07
1629114485, 0, 2, 290, 289, 67, 3.30%, 19, 0, 3, 59.86
1629114541, 0, 2, 291, 290, 67, 3.30%, 19, 0, 3, 58.13
1629114725, 0, 2, 293, 292, 67, 3.30%, 19, 0, 3, 83.92
1629119126, 0, 3, 293, 291, 67, 3.30%, 19, 0, 3, 74.60
1629119131, 0, 3, 294, 292, 67, 3.30%, 19, 0, 3, 64.38
1629119737, 0, 3, 295, 293, 67, 3.30%, 19, 0, 3, 57.83
1629119743, 0, 3, 296, 294, 67, 3.30%, 19, 0, 3, 57.09
1629120445, 0, 3, 297, 295, 67, 3.30%, 19, 0, 3, 67.48
1629120451, 0, 3, 298, 296, 67, 3.31%, 19, 0, 3, 98.70
1629125041, 0, 4, 298, 295, 67, 3.31%, 20, 0, 3, 71.85
1629125046, 0, 4, 299, 296, 67, 3.32%, 21, 0, 3, 66.28
1629125071, 0, 4, 300, 297, 67, 3.32%, 21, 0, 3, 53.44
1629125305, 0, 4, 301, 298, 67, 3.32%, 21, 0, 3, 54.38
1629125666, 0, 4, 302, 299, 67, 3.32%, 21, 0, 3, 59.71
1629125692, 0, 4, 303, 300, 67, 3.32%, 21, 0, 3, 63.37
1629126337, 0, 4, 304, 301, 67, 3.32%, 21, 0, 3, 73.05
1629130964, 0, 7, 304, 300, 68, 3.32%, 21, 0, 3, 76.05
1629131229, 0, 7, 305, 301, 68, 3.32%, 21, 0, 3, 53.02
1629132241, 0, 7, 306, 302, 68, 3.32%, 21, 0, 3, 70.57
1629135452, 0, 7, 307, 303, 68, 3.32%, 21, 0, 3, 51.58
1629135671, 0, 7, 308, 304, 68, 3.32%, 21, 0, 3, 53.44
1629136920, 0, 10, 308, 303, 67, 3.32%, 21, 0, 3, 83.36
1629136946, 0, 10, 309, 304, 67, 3.32%, 21, 0, 3, 59.68
1629137868, 0, 10, 309, 304, 67, 3.32%, 22, 0, 3, 86.30
1629141377, 0, 10, 310, 305, 67, 3.32%, 22, 0, 3, 94.95
1629141383, 0, 14, 310, 304, 66, 3.32%, 22, 0, 3, 83.56
1629141388, 0, 14, 311, 305, 66, 3.32%, 22, 0, 3, 63.28
1629142343, 0, 14, 311, 305, 66, 3.32%, 23, 0, 3, 87.00
1629145854, 0, 15, 311, 304, 65, 3.32%, 23, 0, 3, 91.12
1629146083, 0, 15, 312, 305, 65, 3.33%, 23, 0, 3, 80.57
1629146377, 0, 15, 312, 305, 65, 3.33%, 24, 0, 3, 94.20
1629148154, 0, 21, 312, 304, 65, 3.33%, 24, 0, 3, 96.83
1629148159, 0, 21, 313, 305, 65, 3.33%, 24, 0, 3, 81.50
1629148627, 0, 21, 314, 306, 65, 3.33%, 24, 0, 3, 63.90
1629148647, 0, 21, 315, 307, 65, 3.33%, 24, 0, 3, 63.60
1629149149, 0, 21, 315, 307, 65, 3.33%, 25, 0, 3, 88.89
1629149469, 0, 21, 316, 308, 65, 3.33%, 25, 0, 3, 58.09
1629149474, 0, 21, 317, 309, 65, 3.33%, 25, 0, 3, 59.35
1629152673, 0, 34, 317, 308, 65, 3.33%, 25, 0, 3, 87.21
1629152678, 0, 34, 318, 309, 65, 3.33%, 25, 0, 3, 75.03
1629152826, 0, 34, 319, 310, 65, 3.33%, 25, 0, 3, 58.72
1629154159, 0, 34, 326, 317, 65, 3.33%, 25, 0, 3, 61.21
1629154291, 0, 34, 328, 319, 65, 3.33%, 25, 0, 3, 55.30
1629154342, 0, 34, 329, 320, 65, 3.33%, 25, 0, 3, 63.65
1629158619, 0, 39, 329, 319, 64, 3.33%, 25, 0, 3, 82.43
1629158640, 0, 39, 330, 320, 64, 3.33%, 25, 0, 3, 74.34
1629159089, 0, 39, 330, 320, 64, 3.33%, 26, 0, 3, 92.84
1629160861, 0, 40, 330, 319, 63, 3.33%, 26, 0, 3, 98.71
1629161388, 0, 40, 330, 319, 63, 3.33%, 27, 0, 3, 86.04
1629163174, 0, 43, 330, 318, 62, 3.33%, 27, 0, 3, 85.56
1629164576, 0, 43, 331, 319, 62, 3.33%, 27, 0, 3, 88.45
1629169101, 0, 60, 331, 318, 61, 3.33%, 27, 0, 3, 85.74
1629169476, 0, 60, 332, 319, 61, 3.33%, 27, 0, 3, 68.70
1629169573, 0, 60, 333, 320, 61, 3.33%, 27, 0, 3, 101.50
1629169578, 0, 60, 333, 320, 61, 3.33%, 28, 0, 3, 103.24
1629171424, 0, 66, 333, 319, 60, 3.33%, 28, 0, 3, 100.55
1629172038, 0, 66, 334, 320, 60, 3.33%, 28, 0, 3, 78.85
1629172083, 0, 66, 334, 320, 60, 3.33%, 29, 0, 3, 92.73
1629174391, 0, 83, 334, 319, 59, 3.33%, 29, 0, 3, 86.11
1629174432, 0, 83, 335, 320, 59, 3.33%, 29, 0, 3, 66.11
1629175228, 0, 83, 335, 320, 59, 3.33%, 31, 0, 3, 1.09
1629180166, 0, 89, 335, 319, 58, 3.33%, 31, 0, 3, 72.70
1629186417, 0, 92, 335, 318, 57, 3.33%, 31, 0, 3, 70.58
1629192637, 0, 100, 335, 317, 56, 3.33%, 31, 0, 3, 69.41
1629192764, 0, 100, 336, 318, 56, 3.33%, 31, 0, 3, 61.91
1629193646, 0, 100, 336, 318, 56, 3.33%, 32, 0, 3, 84.46
1629197323, 0, 107, 336, 317, 56, 3.33%, 32, 0, 3, 74.13
1629197456, 0, 107, 337, 318, 56, 3.33%, 32, 0, 3, 89.22
1629198663, 0, 107, 338, 319, 56, 3.33%, 32, 0, 3, 91.18
1629198678, 0, 107, 342, 323, 56, 3.34%, 32, 0, 3, 59.40
1629198683, 0, 107, 345, 326, 56, 3.34%, 32, 0, 3, 64.32
1629203424, 0, 107, 346, 327, 56, 3.34%, 32, 0, 3, 74.22
1629203429, 0, 109, 346, 326, 57, 3.34%, 32, 0, 3, 86.16
1629203490, 0, 109, 347, 327, 57, 3.34%, 32, 0, 3, 81.49
1629203973, 0, 109, 347, 327, 57, 3.34%, 33, 0, 3, 93.56
1629205839, 0, 111, 347, 326, 57, 3.34%, 33, 0, 3, 79.53
1629205875, 0, 111, 348, 327, 57, 3.34%, 33, 0, 3, 71.24
1629205961, 0, 111, 349, 328, 57, 3.35%, 33, 0, 3, 63.54
1629206332, 0, 111, 350, 329, 57, 3.35%, 33, 0, 3, 58.20
1629206846, 0, 111, 350, 329, 57, 3.35%, 34, 0, 3, 85.13
1629210500, 0, 111, 351, 330, 57, 3.35%, 34, 0, 3, 72.49
1629210541, 0, 112, 352, 330, 58, 3.35%, 34, 0, 3, 89.80
1629211583, 0, 112, 352, 330, 58, 3.35%, 35, 0, 3, 80.66
1629215276, 0, 112, 353, 331, 58, 3.35%, 35, 0, 3, 92.05
1629215281, 0, 114, 353, 330, 56, 3.35%, 35, 0, 3, 78.71
1629216272, 0, 114, 353, 330, 56, 3.35%, 36, 0, 3, 82.98
1629219951, 0, 115, 353, 329, 55, 3.35%, 36, 0, 3, 87.00
1629220998, 0, 115, 353, 329, 55, 3.35%, 37, 0, 3, 80.24
1629224713, 0, 125, 353, 328, 54, 3.35%, 37, 0, 3, 82.44
1629224718, 0, 125, 354, 329, 54, 3.35%, 37, 0, 3, 62.56
1629225421, 0, 125, 355, 330, 54, 3.35%, 37, 0, 3, 50.94
1629226024, 0, 125, 357, 332, 54, 3.35%, 37, 0, 3, 73.94
1629226034, 0, 125, 359, 334, 54, 3.35%, 37, 0, 3, 69.96
1629230715, 0, 126, 360, 334, 54, 3.35%, 37, 0, 3, 89.24
1629231259, 0, 126, 360, 334, 54, 3.35%, 38, 0, 3, 91.24
1629233104, 0, 128, 360, 333, 53, 3.35%, 38, 0, 3, 84.29
1629233613, 0, 128, 361, 334, 53, 3.35%, 38, 0, 3, 85.16
1629233618, 0, 128, 363, 336, 53, 3.36%, 39, 0, 3, 84.45
1629235462, 0, 135, 363, 335, 54, 3.36%, 39, 0, 3, 87.74
1629235518, 0, 135, 364, 336, 54, 3.36%, 39, 0, 3, 58.24
1629236459, 0, 135, 364, 336, 54, 3.36%, 40, 0, 3, 96.75
1629236770, 0, 135, 365, 337, 54, 3.36%, 40, 0, 3, 59.78
1629240153, 0, 139, 365, 336, 55, 3.36%, 40, 0, 3, 79.74
1629240178, 0, 139, 366, 337, 55, 3.36%, 40, 0, 3, 59.50
1629240277, 0, 139, 368, 339, 55, 3.37%, 40, 0, 3, 66.79
1629240287, 0, 139, 369, 340, 55, 3.37%, 40, 0, 3, 58.68
1629240384, 0, 139, 370, 341, 55, 3.37%, 40, 0, 3, 57.37
1629240420, 0, 139, 371, 342, 55, 3.37%, 40, 0, 3, 76.99
1629241040, 0, 139, 372, 343, 55, 3.37%, 40, 0, 3, 59.59
1629241055, 0, 139, 373, 344, 55, 3.37%, 40, 0, 3, 60.07
1629241182, 0, 139, 373, 344, 55, 3.37%, 41, 0, 3, 85.01
1629241375, 0, 139, 374, 345, 55, 3.37%, 41, 0, 3, 63.80
1629243793, 0, 139, 375, 346, 55, 3.37%, 41, 0, 3, 57.75
1629244831, 0, 140, 375, 345, 56, 3.37%, 41, 0, 3, 81.90
1629244836, 0, 140, 377, 347, 56, 3.37%, 41, 0, 3, 72.52
1629244866, 0, 140, 378, 348, 56, 3.37%, 41, 0, 3, 74.27
1629245294, 0, 140, 379, 349, 56, 3.38%, 41, 0, 3, 59.69
1629245299, 0, 140, 382, 352, 56, 3.38%, 41, 0, 3, 58.15
1629245814, 0, 140, 382, 352, 56, 3.38%, 42, 0, 3, 81.08
1629245983, 0, 140, 384, 354, 56, 3.38%, 42, 0, 3, 59.05
1629249500, 0, 142, 385, 354, 57, 3.38%, 42, 0, 3, 82.12
1629251025, 0, 142, 386, 355, 57, 3.38%, 42, 0, 3, 52.13
1629251035, 0, 142, 387, 356, 57, 3.38%, 42, 0, 3, 55.17
1629251873, 0, 142, 387, 356, 57, 3.38%, 43, 0, 3, 41.86
1629255742, 0, 144, 387, 355, 56, 3.38%, 43, 0, 3, 71.17
1629256771, 0, 144, 387, 355, 56, 3.38%, 44, 0, 3, 97.39
1629256949, 0, 144, 388, 356, 56, 3.38%, 44, 0, 3, 56.19
1629260461, 0, 155, 388, 355, 55, 3.38%, 44, 0, 3, 78.33
