# unix_time, cycles_done, cur_path, paths_total, pending_total, pending_favs, map_size, unique_crashes, unique_hangs, max_depth, execs_per_sec
1636093752, 0, 0, 1, 1, 1, 0.77%, 0, 0, 1, 33.47
1636093757, 0, 0, 5, 5, 1, 0.80%, 0, 0, 2, 54.74
1636093762, 0, 0, 7, 7, 1, 0.80%, 0, 0, 2, 53.82
1636093772, 0, 0, 8, 8, 1, 0.81%, 0, 0, 2, 53.29
1636093782, 0, 0, 9, 9, 1, 0.81%, 0, 0, 2, 56.31
1636093792, 0, 0, 11, 11, 1, 0.81%, 0, 0, 2, 65.65
1636093808, 0, 0, 12, 12, 1, 0.81%, 0, 0, 2, 51.13
1636093818, 0, 0, 13, 13, 1, 0.81%, 0, 0, 2, 54.21
1636093863, 0, 0, 14, 14, 1, 0.82%, 0, 0, 2, 59.60
1636093949, 0, 0, 22, 22, 1, 0.85%, 0, 0, 2, 123.69
1636094025, 0, 0, 23, 23, 1, 0.85%, 0, 0, 2, 54.26
1636094111, 0, 0, 26, 26, 1, 0.85%, 0, 0, 2, 526.00
1636094116, 0, 0, 51, 51, 1, 1.54%, 2, 0, 2, 335.68
1636094121, 0, 0, 71, 71, 1, 1.79%, 2, 0, 2, 338.65
1636094126, 0, 0, 75, 75, 1, 1.79%, 2, 0, 2, 54.25
1636094481, 0, 0, 76, 76, 1, 1.80%, 2, 0, 2, 54.82
1636094491, 0, 0, 78, 78, 1, 1.81%, 2, 0, 2, 53.20
1636094501, 0, 0, 79, 79, 1, 1.82%, 2, 0, 2, 51.76
1636097375, 0, 0, 80, 80, 1, 1.82%, 2, 0, 2, 53.28
1636097549, 0, 1, 80, 79, 37, 1.82%, 2, 0, 2, 2036.41
1636097564, 0, 2, 80, 78, 36, 1.82%, 2, 0, 2, 2469.94
1636097574, 0, 3, 80, 77, 35, 1.82%, 2, 0, 2, 1049.74
1636097743, 0, 6, 80, 76, 34, 1.82%, 2, 0, 2, 54.41
1636098097, 0, 6, 81, 77, 34, 1.82%, 3, 0, 3, 431.58
1636101489, 0, 7, 84, 79, 33, 1.82%, 3, 0, 3, 2899.40
1636101494, 0, 7, 85, 80, 33, 1.82%, 3, 0, 3, 1406.83
1636101510, 0, 9, 85, 79, 32, 1.82%, 3, 0, 3, 87.22
1636101926, 0, 9, 88, 82, 32, 1.83%, 4, 0, 3, 212.83
1636106079, 0, 16, 88, 81, 32, 1.83%, 4, 0, 3, 589.08
1636106104, 0, 16, 90, 83, 32, 1.83%, 4, 0, 3, 355.30
1636106110, 0, 16, 94, 87, 32, 1.83%, 4, 0, 3, 407.72
1636106120, 0, 16, 95, 88, 32, 1.83%, 4, 0, 3, 439.03
1636106289, 0, 18, 95, 87, 34, 1.83%, 4, 0, 3, 631.53
1636106314, 0, 18, 96, 88, 34, 1.83%, 4, 0, 3, 568.68
1636106431, 0, 22, 96, 87, 33, 1.83%, 4, 0, 3, 106.03
1636106774, 0, 22, 96, 87, 33, 1.83%, 5, 0, 3, 713.31
1636107138, 0, 22, 97, 88, 33, 1.83%, 5, 0, 3, 55.26
1636108725, 0, 22, 98, 89, 33, 1.84%, 5, 0, 3, 53.00
1636110161, 0, 24, 98, 88, 33, 1.84%, 5, 0, 3, 68.45
1636114079, 0, 25, 98, 87, 32, 1.84%, 5, 0, 3, 443.26
1636114389, 0, 28, 98, 86, 31, 1.84%, 5, 0, 3, 887.86
1636114557, 0, 32, 98, 85, 30, 1.84%, 5, 0, 3, 80.79
1636115609, 0, 37, 98, 84, 29, 1.84%, 5, 0, 3, 374.33
1636115649, 0, 37, 102, 88, 29, 1.85%, 5, 0, 3, 805.16
1636115655, 0, 37, 104, 90, 29, 1.85%, 6, 0, 3, 327.23
1636116000, 0, 38, 104, 89, 31, 1.85%, 6, 0, 3, 392.16
1636116118, 0, 38, 106, 91, 31, 1.85%, 6, 0, 3, 414.11
1636116650, 0, 39, 106, 90, 32, 1.85%, 6, 0, 3, 494.77
1636116737, 0, 39, 107, 91, 32, 1.85%, 6, 0, 3, 443.07
1636117501, 0, 40, 107, 90, 31, 1.85%, 6, 0, 3, 267.35
1636117506, 0, 40, 108, 91, 31, 1.86%, 6, 0, 3, 398.85
1636117531, 0, 40, 109, 92, 31, 1.86%, 6, 0, 3, 181.14
1636117628, 0, 40, 110, 93, 31, 1.86%, 6, 0, 3, 66.11
1636117633, 0, 40, 111, 94, 31, 1.86%, 6, 0, 3, 57.71
1636117658, 0, 40, 112, 95, 31, 1.86%, 6, 0, 3, 62.74
1636117668, 0, 40, 113, 96, 31, 1.86%, 6, 0, 3, 90.53
1636118096, 0, 41, 113, 95, 32, 1.86%, 6, 0, 3, 340.19
1636118172, 0, 41, 113, 95, 32, 1.86%, 7, 0, 3, 297.81
1636118781, 0, 45, 114, 95, 31, 1.86%, 7, 0, 3, 414.86
1636118821, 0, 45, 115, 96, 31, 1.86%, 7, 0, 3, 708.92
1636118898, 0, 45, 117, 98, 31, 2.11%, 7, 0, 3, 398.26
1636118903, 0, 45, 119, 100, 31, 2.13%, 7, 0, 3, 397.38
1636119168, 0, 46, 120, 100, 33, 2.13%, 7, 0, 3, 350.09
1636119927, 0, 47, 120, 99, 32, 2.13%, 7, 0, 3, 50.11
1636120121, 0, 47, 120, 99, 32, 2.13%, 8, 0, 3, 71.47
1636123877, 0, 49, 121, 99, 31, 2.13%, 8, 0, 3, 109.35
1636127018, 0, 61, 121, 98, 30, 2.13%, 8, 0, 3, 127.25
1636127595, 0, 63, 121, 97, 29, 2.13%, 8, 0, 3, 57.12
1636130949, 0, 64, 121, 96, 28, 2.13%, 8, 0, 3, 92.52
1636131900, 0, 64, 122, 97, 28, 2.13%, 8, 0, 3, 38.76
1636134268, 0, 68, 122, 96, 27, 2.13%, 8, 0, 3, 366.38
1636134273, 0, 68, 123, 97, 27, 2.22%, 8, 0, 3, 426.73
1636134463, 0, 68, 124, 98, 27, 2.22%, 8, 0, 3, 365.03
1636134776, 0, 69, 124, 97, 27, 2.22%, 8, 0, 3, 57.42
1636137290, 0, 70, 124, 96, 26, 2.22%, 8, 0, 3, 431.28
1636137326, 0, 70, 125, 97, 26, 2.31%, 8, 1, 3, 536.94
1636137514, 0, 70, 133, 105, 26, 3.27%, 9, 1, 3, 322.50
1636137520, 0, 70, 142, 114, 26, 3.81%, 9, 1, 3, 181.07
1636137915, 0, 75, 142, 113, 43, 3.81%, 9, 1, 3, 72.04
1636138181, 0, 75, 142, 113, 43, 3.81%, 10, 1, 3, 148.71
1636139142, 0, 75, 143, 114, 43, 3.99%, 10, 1, 3, 54.38
1636139322, 0, 75, 144, 115, 43, 3.99%, 10, 1, 3, 54.13
1636140863, 0, 76, 144, 114, 42, 3.99%, 10, 1, 3, 67.57
1636141149, 0, 76, 145, 115, 42, 3.99%, 10, 1, 3, 52.42
1636141175, 0, 76, 145, 115, 42, 3.99%, 11, 1, 3, 358.83
1636144293, 0, 77, 145, 114, 41, 3.99%, 11, 1, 3, 65.21
1636144549, 0, 77, 146, 115, 41, 3.99%, 11, 1, 3, 55.17
1636144585, 0, 77, 146, 115, 41, 3.99%, 12, 1, 3, 288.78
1636147514, 0, 78, 146, 114, 41, 3.99%, 12, 1, 3, 91.23
1636147850, 0, 78, 146, 114, 41, 3.99%, 13, 1, 3, 368.17
1636149437, 0, 78, 147, 115, 41, 3.99%, 13, 1, 3, 54.29
1636151223, 0, 79, 147, 114, 40, 3.99%, 13, 1, 3, 64.99
1636151545, 0, 79, 147, 114, 40, 3.99%, 14, 1, 3, 274.68
1636154646, 0, 80, 147, 113, 39, 3.99%, 14, 1, 3, 133.08
1636154784, 0, 80, 147, 113, 39, 3.99%, 15, 1, 3, 238.25
1636156154, 0, 82, 148, 113, 38, 3.99%, 15, 1, 4, 2169.09
1636156174, 0, 83, 148, 112, 37, 3.99%, 15, 1, 4, 1133.55
1636156220, 0, 85, 148, 111, 36, 3.99%, 15, 1, 4, 663.95
1636156343, 0, 86, 148, 110, 34, 3.99%, 15, 1, 4, 464.84
1636156542, 0, 93, 148, 109, 33, 3.99%, 15, 1, 4, 650.94
1636156700, 0, 94, 148, 108, 32, 3.99%, 15, 1, 4, 892.55
1636156842, 0, 97, 148, 107, 31, 3.99%, 15, 1, 4, 51.54
1636157225, 0, 97, 148, 107, 31, 3.99%, 16, 1, 4, 366.96
1636159868, 0, 97, 149, 108, 31, 3.99%, 16, 1, 4, 54.68
1636160932, 0, 99, 149, 107, 31, 3.99%, 16, 1, 4, 384.91
1636160979, 0, 99, 149, 107, 31, 3.99%, 16, 2, 4, 10.14
1636161393, 0, 100, 149, 106, 30, 3.99%, 16, 2, 4, 520.78
1636161450, 0, 100, 149, 106, 30, 3.99%, 17, 2, 4, 379.57
1636161917, 0, 101, 149, 105, 29, 3.99%, 17, 2, 4, 557.64
1636162070, 0, 101, 149, 105, 29, 3.99%, 17, 3, 4, 17.80
1636162554, 0, 104, 149, 104, 28, 3.99%, 17, 3, 4, 412.93
1636162696, 0, 104, 149, 104, 28, 3.99%, 17, 4, 4, 286.94
1636163103, 0, 105, 149, 103, 27, 3.99%, 17, 4, 4, 348.79
1636163261, 0, 105, 149, 103, 27, 3.99%, 17, 5, 4, 307.97
1636163689, 0, 107, 149, 102, 26, 3.99%, 17, 5, 4, 341.68
1636163908, 0, 107, 150, 103, 26, 4.02%, 17, 5, 4, 260.69
1636164320, 0, 115, 150, 102, 25, 4.02%, 17, 5, 4, 270.85
1636165468, 0, 116, 150, 101, 24, 4.02%, 17, 5, 4, 398.49
1636166407, 0, 117, 150, 100, 23, 4.02%, 17, 5, 4, 335.25
1636167025, 0, 122, 150, 99, 22, 4.02%, 17, 5, 4, 418.84
1636167559, 0, 124, 150, 98, 21, 4.02%, 17, 5, 4, 271.42
1636167620, 0, 124, 150, 98, 21, 4.02%, 17, 6, 4, 65.51
1636168604, 0, 125, 150, 97, 20, 4.02%, 17, 6, 4, 308.33
1636168884, 0, 125, 150, 97, 20, 4.02%, 18, 6, 4, 225.81
1636169506, 0, 126, 150, 96, 19, 4.02%, 18, 6, 4, 192.50
1636171434, 0, 127, 150, 95, 18, 4.02%, 18, 6, 4, 435.41
1636172271, 0, 128, 150, 94, 17, 4.02%, 18, 6, 4, 269.06
1636173584, 0, 129, 150, 93, 16, 4.02%, 18, 6, 4, 254.17
1636174644, 0, 130, 150, 92, 15, 4.02%, 18, 6, 4, 164.35
1636176805, 0, 131, 150, 91, 14, 4.02%, 18, 6, 4, 324.30
1636177873, 0, 132, 150, 90, 13, 4.02%, 18, 6, 4, 48.38
1636180639, 0, 133, 150, 89, 12, 4.02%, 18, 6, 4, 491.21
1636181468, 0, 134, 150, 88, 11, 4.02%, 18, 6, 4, 273.31
1636182858, 0, 135, 150, 87, 10, 4.02%, 18, 6, 4, 732.51
1636184384, 0, 136, 150, 86, 9, 4.02%, 18, 6, 4, 568.85
1636185340, 0, 137, 150, 85, 8, 4.02%, 18, 6, 4, 47.78
1636190604, 0, 138, 150, 84, 7, 4.02%, 18, 6, 4, 172.58
1636192919, 0, 139, 150, 83, 6, 4.02%, 18, 6, 4, 508.83
1636195586, 0, 140, 150, 82, 5, 4.02%, 18, 6, 4, 464.08
1636197271, 0, 141, 150, 81, 4, 4.02%, 18, 6, 4, 76.19
1636200226, 0, 142, 150, 80, 3, 4.02%, 18, 6, 4, 105.93
1636200384, 0, 142, 154, 84, 3, 4.19%, 18, 6, 4, 97.85
1636200389, 0, 142, 156, 86, 3, 4.22%, 18, 8, 4, 199.54
1636201158, 0, 142, 157, 87, 3, 4.30%, 18, 12, 4, 5.50
1636201163, 0, 142, 161, 91, 3, 4.49%, 18, 14, 4, 23.08
1636201168, 0, 142, 162, 92, 3, 4.51%, 18, 18, 4, 122.55
1636201173, 0, 142, 164, 94, 3, 4.59%, 18, 21, 4, 202.97
1636201463, 0, 142, 165, 95, 3, 4.60%, 18, 21, 4, 198.20
1636201902, 0, 148, 165, 94, 17, 4.60%, 18, 21, 4, 112.39
1636201912, 0, 148, 166, 95, 17, 4.61%, 18, 21, 5, 63.21
1636202313, 0, 148, 169, 98, 17, 4.62%, 18, 21, 5, 53.81
1636202333, 0, 148, 172, 101, 17, 4.62%, 18, 21, 5, 979.16
1636202338, 0, 148, 173, 102, 17, 4.62%, 18, 21, 5, 622.35
1636202343, 0, 148, 173, 102, 17, 4.62%, 19, 21, 5, 261.91
1636202404, 0, 148, 174, 103, 17, 4.62%, 19, 21, 5, 55.25
1636202743, 0, 148, 175, 104, 17, 4.62%, 19, 21, 5, 54.60
1636206605, 0, 149, 179, 107, 21, 4.63%, 19, 21, 5, 218.27
1636206610, 0, 149, 180, 108, 21, 4.63%, 19, 21, 5, 343.71
1636206615, 0, 149, 181, 109, 21, 4.63%, 19, 21, 5, 273.01
1636206625, 0, 149, 182, 110, 21, 4.63%, 19, 21, 5, 334.94
1636206661, 0, 149, 185, 113, 21, 4.64%, 19, 21, 5, 258.98
1636207409, 0, 149, 187, 115, 21, 4.65%, 19, 21, 5, 258.95
1636207419, 0, 149, 188, 116, 21, 4.66%, 19, 21, 5, 261.21
1636207445, 0, 150, 189, 116, 26, 4.66%, 19, 21, 5, 56.73
1636209519, 0, 151, 189, 115, 25, 4.66%, 19, 21, 5, 126.77
1636211281, 0, 151, 190, 116, 25, 4.66%, 19, 21, 5, 175.48
1636211286, 0, 152, 190, 115, 24, 4.66%, 19, 21, 5, 131.05
1636213026, 0, 152, 191, 116, 24, 4.70%, 19, 21, 5, 149.42
1636213066, 0, 153, 191, 115, 24, 4.70%, 19, 21, 5, 141.34
1636215036, 0, 154, 191, 114, 23, 4.70%, 19, 21, 5, 167.86
1636216803, 0, 155, 191, 113, 22, 4.70%, 19, 21, 5, 192.24
1636218520, 0, 156, 191, 112, 21, 4.70%, 19, 21, 5, 155.51
1636221180, 0, 157, 191, 111, 20, 4.70%, 19, 21, 5, 114.33
1636223452, 0, 158, 191, 110, 19, 4.70%, 19, 21, 5, 154.08
1636225523, 0, 159, 191, 109, 18, 4.70%, 19, 21, 5, 120.58
1636228134, 0, 160, 191, 108, 17, 4.70%, 19, 21, 5, 97.49
1636232052, 0, 161, 191, 107, 16, 4.70%, 19, 21, 5, 98.15
1636234474, 0, 162, 191, 106, 15, 4.70%, 19, 21, 5, 139.20
1636236690, 0, 163, 191, 105, 14, 4.70%, 19, 21, 5, 129.22
1636239090, 0, 163, 192, 106, 14, 4.73%, 19, 21, 5, 126.62
1636239151, 0, 164, 192, 105, 14, 4.73%, 19, 21, 5, 148.81
1636239356, 0, 164, 195, 108, 14, 4.74%, 19, 21, 5, 544.24
1636240544, 0, 164, 196, 109, 14, 4.77%, 19, 21, 5, 248.39
1636240846, 0, 165, 196, 108, 15, 4.77%, 19, 21, 5, 178.42
1636241008, 0, 165, 197, 109, 15, 4.77%, 19, 21, 6, 54.84
1636241282, 0, 165, 197, 109, 15, 4.77%, 20, 21, 6, 228.32
1636245548, 0, 167, 197, 108, 15, 4.77%, 20, 21, 6, 66.83
1636245984, 0, 167, 197, 108, 15, 4.77%, 21, 21, 6, 345.49
1636249189, 0, 167, 198, 109, 15, 4.77%, 21, 21, 6, 53.92
1636250241, 0, 168, 198, 108, 14, 4.77%, 21, 21, 6, 83.16
1636250663, 0, 168, 198, 108, 14, 4.77%, 22, 21, 6, 335.30
1636254782, 0, 172, 199, 108, 13, 4.77%, 22, 21, 6, 778.15
1636255442, 0, 173, 199, 107, 13, 4.77%, 22, 21, 6, 57.03
1636256056, 0, 173, 199, 107, 13, 4.77%, 23, 21, 6, 262.65
1636263338, 0, 176, 199, 106, 12, 4.77%, 23, 21, 6, 189.26
1636263348, 0, 176, 200, 107, 12, 4.77%, 23, 21, 6, 271.61
1636263353, 0, 176, 201, 108, 12, 4.77%, 23, 21, 6, 245.60
1636264153, 0, 176, 206, 113, 12, 4.78%, 23, 21, 6, 263.93
1636264179, 0, 176, 208, 115, 12, 4.78%, 23, 21, 6, 280.10
1636264184, 0, 183, 208, 114, 12, 4.78%, 23, 21, 6, 300.82
1636264199, 0, 183, 209, 115, 12, 4.78%, 23, 21, 6, 205.10
1636264204, 0, 183, 210, 116, 12, 4.78%, 23, 21, 6, 150.14
1636265341, 0, 183, 213, 119, 12, 4.78%, 23, 21, 6, 151.74
1636265346, 0, 183, 214, 120, 12, 4.78%, 23, 21, 6, 136.23
1636265357, 0, 183, 216, 122, 12, 4.78%, 23, 21, 6, 133.94
1636265393, 0, 183, 217, 123, 12, 4.78%, 23, 21, 6, 184.83
1636265398, 0, 187, 217, 122, 11, 4.78%, 23, 21, 6, 285.44
1636266272, 0, 190, 217, 121, 10, 4.78%, 23, 21, 6, 46.78
1636268555, 0, 191, 217, 120, 9, 4.78%, 23, 21, 6, 141.51
