# unix_time, cycles_done, cur_path, paths_total, pending_total, pending_favs, map_size, unique_crashes, unique_hangs, max_depth, execs_per_sec
1629351268, 0, 0, 1, 1, 1, 0.47%, 0, 0, 1, 2.90
1629351273, 0, 0, 4, 4, 1, 0.65%, 0, 0, 2, 115.84
1629351278, 0, 0, 14, 14, 1, 0.79%, 0, 0, 2, 117.10
1629351283, 0, 0, 21, 21, 1, 0.82%, 0, 0, 2, 97.65
1629351288, 0, 0, 29, 29, 1, 0.86%, 0, 0, 2, 108.56
1629351298, 0, 0, 35, 35, 1, 0.87%, 0, 0, 2, 109.72
1629351309, 0, 0, 36, 36, 1, 0.87%, 0, 0, 2, 101.91
1629351314, 0, 0, 40, 40, 1, 0.91%, 0, 0, 2, 122.77
1629351319, 0, 0, 42, 42, 1, 0.91%, 0, 0, 2, 107.21
1629351324, 0, 0, 45, 45, 1, 0.91%, 0, 0, 2, 104.47
1629351339, 0, 0, 46, 46, 1, 0.91%, 0, 0, 2, 92.51
1629351349, 0, 0, 47, 47, 1, 0.92%, 0, 0, 2, 89.34
1629351359, 0, 0, 49, 49, 1, 0.92%, 0, 0, 2, 106.96
1629351370, 0, 0, 52, 52, 1, 0.93%, 0, 0, 2, 115.61
1629351375, 0, 0, 54, 54, 1, 0.93%, 0, 0, 2, 116.18
1629351380, 0, 0, 55, 55, 1, 0.93%, 0, 0, 2, 107.75
1629351395, 0, 0, 58, 58, 1, 0.94%, 0, 0, 2, 134.46
1629351441, 0, 0, 71, 71, 1, 0.94%, 0, 0, 2, 127.55
1629351446, 0, 0, 73, 73, 1, 0.95%, 0, 0, 2, 114.46
1629351461, 0, 0, 75, 75, 1, 0.95%, 0, 0, 2, 106.75
1629351466, 0, 0, 77, 77, 1, 0.95%, 0, 0, 2, 115.02
1629351547, 0, 0, 78, 78, 1, 0.96%, 0, 0, 2, 101.43
1629351562, 0, 0, 79, 79, 1, 0.96%, 0, 0, 2, 94.67
1629351592, 0, 0, 81, 81, 1, 0.97%, 0, 0, 2, 83.00
1629351613, 0, 0, 82, 82, 1, 0.97%, 0, 0, 2, 96.02
1629351623, 0, 0, 83, 83, 1, 0.97%, 0, 0, 2, 79.61
1629351628, 0, 0, 84, 84, 1, 0.97%, 0, 0, 2, 83.70
1629351648, 0, 0, 85, 85, 1, 0.97%, 0, 0, 2, 207.59
1629351663, 0, 0, 87, 87, 1, 0.98%, 0, 0, 2, 145.04
1629351669, 0, 0, 95, 95, 1, 1.02%, 1, 0, 2, 109.54
1629351674, 0, 0, 102, 102, 1, 1.03%, 1, 0, 2, 106.23
1629351679, 0, 0, 104, 104, 1, 1.03%, 1, 0, 2, 105.48
1629351689, 0, 0, 105, 105, 1, 1.03%, 1, 0, 2, 108.91
1629351755, 0, 0, 107, 107, 1, 1.04%, 1, 0, 2, 102.38
1629351760, 0, 0, 108, 108, 1, 1.04%, 1, 0, 2, 101.91
1629351872, 0, 0, 109, 109, 1, 1.04%, 1, 0, 2, 113.20
1629351882, 0, 0, 110, 110, 1, 1.04%, 1, 0, 2, 110.34
1629352344, 0, 0, 112, 112, 1, 1.04%, 1, 0, 2, 86.16
1629352521, 0, 0, 113, 113, 1, 1.04%, 1, 0, 2, 81.11
1629352694, 0, 0, 114, 114, 1, 1.08%, 1, 0, 2, 106.37
1629352709, 0, 0, 116, 116, 1, 1.08%, 1, 0, 2, 116.30
1629352715, 0, 0, 121, 121, 1, 1.08%, 1, 0, 2, 138.45
1629352720, 0, 0, 123, 123, 1, 1.08%, 1, 0, 2, 140.17
1629352725, 0, 0, 126, 126, 1, 1.08%, 1, 0, 2, 133.55
1629352730, 0, 0, 129, 129, 1, 1.08%, 1, 0, 2, 133.37
1629352735, 0, 0, 130, 130, 1, 1.08%, 1, 0, 2, 136.26
1629352740, 0, 0, 131, 131, 1, 1.08%, 1, 0, 2, 137.36
1629352755, 0, 0, 132, 132, 1, 1.08%, 1, 0, 2, 137.70
1629352765, 0, 0, 133, 133, 1, 1.08%, 1, 0, 2, 145.41
1629352770, 0, 0, 134, 134, 1, 1.08%, 1, 0, 2, 141.12
1629352775, 0, 0, 135, 135, 1, 1.08%, 1, 0, 2, 135.32
1629352780, 0, 0, 136, 136, 1, 1.08%, 1, 0, 2, 143.20
1629352796, 0, 0, 137, 137, 1, 1.08%, 1, 0, 2, 137.08
1629352801, 0, 0, 139, 139, 1, 1.08%, 1, 0, 2, 140.75
1629352806, 0, 0, 140, 140, 1, 1.08%, 1, 0, 2, 147.68
1629352826, 0, 0, 141, 141, 1, 1.08%, 1, 0, 2, 143.49
1629352831, 0, 1, 142, 141, 50, 1.08%, 1, 0, 2, 140.91
1629352974, 0, 3, 142, 140, 49, 1.08%, 1, 0, 2, 150.40
1629353339, 0, 3, 142, 140, 49, 1.08%, 2, 0, 2, 119.17
1629353344, 0, 3, 143, 141, 49, 1.08%, 2, 0, 3, 106.87
1629354372, 0, 5, 143, 140, 49, 1.08%, 2, 0, 3, 149.19
1629354393, 0, 5, 144, 141, 49, 1.15%, 2, 0, 3, 174.66
1629354423, 0, 5, 144, 141, 49, 1.15%, 3, 0, 3, 123.67
1629354530, 0, 7, 144, 140, 49, 1.15%, 3, 0, 3, 167.74
1629354698, 0, 8, 144, 139, 48, 1.15%, 3, 0, 3, 141.54
1629354754, 0, 8, 144, 139, 48, 1.15%, 4, 0, 3, 114.33
1629354866, 0, 9, 144, 138, 47, 1.15%, 4, 0, 3, 148.45
1629355033, 0, 18, 144, 137, 46, 1.15%, 4, 0, 3, 136.88
1629355473, 0, 18, 144, 137, 46, 1.15%, 5, 0, 3, 135.52
1629355478, 0, 18, 145, 138, 46, 1.15%, 5, 0, 3, 112.94
1629356811, 0, 18, 146, 139, 46, 1.15%, 5, 0, 3, 133.16
1629356817, 0, 18, 147, 140, 46, 1.15%, 5, 0, 3, 135.27
1629356832, 0, 20, 147, 139, 46, 1.15%, 5, 0, 3, 104.68
1629357359, 0, 20, 148, 140, 46, 1.15%, 5, 0, 3, 82.63
1629358592, 0, 23, 148, 139, 45, 1.15%, 5, 0, 3, 117.02
1629359966, 0, 23, 150, 141, 45, 1.15%, 5, 0, 3, 2.31
1629359971, 0, 23, 151, 142, 45, 1.15%, 5, 0, 3, 153.82
1629359976, 0, 23, 153, 144, 45, 1.15%, 5, 0, 3, 146.35
1629359986, 0, 23, 154, 145, 45, 1.15%, 5, 0, 3, 145.93
1629360002, 0, 23, 156, 147, 45, 1.15%, 5, 0, 3, 142.38
1629360027, 0, 23, 158, 149, 45, 1.15%, 5, 0, 3, 146.12
1629360032, 0, 23, 159, 150, 45, 1.15%, 5, 0, 3, 142.97
1629360042, 0, 23, 160, 151, 45, 1.15%, 5, 0, 3, 143.45
1629360047, 0, 23, 161, 152, 45, 1.15%, 5, 0, 3, 148.26
1629360068, 0, 23, 162, 153, 45, 1.15%, 5, 0, 3, 140.87
1629360078, 0, 24, 163, 153, 44, 1.15%, 5, 0, 3, 140.86
1629360119, 0, 24, 164, 154, 44, 1.16%, 5, 0, 3, 113.97
1629360444, 0, 24, 164, 154, 44, 1.16%, 6, 0, 3, 129.55
1629360455, 0, 24, 165, 155, 44, 1.16%, 6, 0, 3, 105.59
1629361473, 0, 29, 165, 154, 44, 1.16%, 6, 0, 3, 129.21
1629362911, 0, 35, 165, 153, 43, 1.16%, 6, 0, 3, 131.08
1629363288, 0, 35, 165, 153, 43, 1.16%, 7, 0, 3, 128.07
1629364334, 0, 37, 165, 152, 42, 1.16%, 7, 0, 3, 133.96
1629364722, 0, 37, 166, 153, 42, 1.16%, 7, 0, 3, 105.78
1629365799, 0, 38, 166, 152, 42, 1.16%, 7, 0, 3, 123.50
1629365855, 0, 38, 169, 155, 42, 1.16%, 7, 0, 3, 109.58
1629365867, 0, 38, 170, 156, 42, 1.19%, 7, 0, 3, 1.10
1629365884, 0, 38, 171, 157, 42, 1.19%, 7, 0, 3, 104.33
1629365991, 0, 39, 171, 156, 43, 1.19%, 7, 0, 3, 140.98
1629365996, 0, 39, 173, 158, 43, 1.20%, 7, 0, 3, 128.82
1629366017, 0, 39, 174, 159, 43, 1.23%, 7, 0, 3, 1.20
1629366183, 0, 44, 174, 158, 45, 1.23%, 7, 0, 3, 141.78
1629366239, 0, 44, 175, 159, 45, 1.23%, 7, 0, 3, 113.71
1629366275, 0, 44, 176, 160, 45, 1.23%, 7, 0, 3, 121.47
1629366569, 0, 44, 176, 160, 45, 1.23%, 8, 0, 3, 118.09
1629367636, 0, 45, 176, 159, 45, 1.23%, 8, 0, 3, 113.52
1629368017, 0, 45, 176, 159, 45, 1.23%, 9, 0, 3, 118.67
1629368237, 0, 45, 177, 160, 45, 1.23%, 9, 0, 3, 109.52
1629369075, 0, 46, 177, 159, 44, 1.23%, 9, 0, 3, 120.78
1629370100, 0, 48, 177, 158, 43, 1.23%, 9, 0, 3, 131.22
1629371468, 0, 48, 178, 159, 43, 1.23%, 9, 0, 3, 104.38
1629371484, 0, 49, 178, 158, 42, 1.23%, 9, 0, 3, 139.37
1629371651, 0, 51, 178, 157, 41, 1.23%, 9, 0, 3, 151.63
1629372044, 0, 51, 178, 157, 41, 1.23%, 10, 0, 3, 120.34
1629373045, 0, 51, 179, 158, 41, 1.23%, 10, 0, 3, 152.29
1629373055, 0, 53, 179, 157, 41, 1.23%, 10, 0, 3, 144.91
1629373107, 0, 53, 180, 158, 41, 1.24%, 10, 0, 3, 134.82
1629373115, 0, 53, 181, 159, 41, 1.25%, 10, 0, 3, 0.56
1629373234, 0, 54, 181, 158, 42, 1.25%, 10, 0, 3, 172.68
1629373285, 0, 54, 182, 159, 42, 1.25%, 10, 0, 3, 117.16
1629373341, 0, 54, 183, 160, 42, 1.25%, 10, 0, 3, 108.76
1629373601, 0, 54, 183, 160, 42, 1.25%, 11, 0, 3, 132.90
1629374574, 0, 63, 183, 159, 42, 1.25%, 11, 0, 3, 122.82
1629374639, 0, 63, 184, 160, 42, 1.25%, 11, 0, 3, 0.57
1629374716, 0, 63, 185, 161, 42, 1.25%, 11, 0, 3, 110.70
1629375001, 0, 63, 186, 162, 42, 1.25%, 11, 0, 3, 170.68
1629375006, 0, 63, 187, 163, 42, 1.25%, 11, 0, 3, 193.95
1629375016, 0, 63, 189, 165, 42, 1.25%, 11, 0, 3, 192.10
1629375031, 0, 63, 190, 166, 42, 1.25%, 11, 0, 3, 194.35
1629375052, 0, 63, 191, 167, 42, 1.25%, 11, 0, 3, 180.45
1629375062, 0, 65, 191, 166, 41, 1.25%, 11, 0, 3, 192.14
1629375241, 0, 73, 191, 165, 40, 1.25%, 11, 0, 3, 153.15
1629376233, 0, 74, 191, 164, 39, 1.25%, 11, 0, 3, 141.14
1629376554, 0, 74, 192, 165, 39, 1.25%, 11, 0, 3, 80.19
1629376625, 0, 74, 193, 166, 39, 1.28%, 11, 0, 3, 123.75
1629377686, 0, 75, 193, 165, 38, 1.28%, 11, 0, 3, 141.63
1629377945, 0, 75, 194, 166, 38, 1.28%, 11, 0, 3, 101.68
1629378064, 0, 75, 194, 166, 38, 1.28%, 12, 0, 3, 115.06
1629379102, 0, 75, 195, 167, 38, 1.28%, 12, 0, 3, 143.93
1629379117, 0, 76, 195, 166, 38, 1.28%, 12, 0, 3, 132.94
1629380548, 0, 76, 196, 167, 38, 1.28%, 12, 0, 3, 106.33
1629380553, 0, 76, 197, 168, 38, 1.28%, 12, 0, 3, 132.31
1629380590, 0, 76, 198, 169, 38, 1.28%, 12, 0, 3, 145.14
1629380610, 0, 76, 199, 170, 38, 1.28%, 12, 0, 3, 134.65
1629380641, 0, 77, 199, 169, 37, 1.28%, 12, 0, 3, 126.75
1629381022, 0, 77, 199, 169, 37, 1.28%, 13, 0, 3, 120.19
1629381964, 0, 77, 200, 170, 37, 1.28%, 13, 0, 3, 159.38
1629381974, 0, 79, 200, 169, 36, 1.28%, 13, 0, 3, 147.76
1629382173, 0, 79, 201, 170, 36, 1.28%, 13, 0, 3, 87.34
1629382382, 0, 79, 201, 170, 36, 1.28%, 14, 0, 3, 126.15
1629383532, 0, 81, 201, 169, 36, 1.28%, 14, 0, 3, 125.89
1629383859, 0, 81, 202, 170, 36, 1.28%, 14, 0, 3, 127.49
1629383885, 0, 81, 202, 170, 36, 1.28%, 15, 0, 3, 155.79
1629385003, 0, 84, 202, 169, 36, 1.28%, 15, 0, 3, 184.49
1629385166, 0, 86, 202, 168, 35, 1.28%, 15, 0, 3, 222.45
1629385448, 0, 86, 203, 169, 35, 1.28%, 15, 0, 3, 169.74
1629385455, 0, 86, 205, 171, 35, 1.29%, 15, 0, 3, 0.26
1629386249, 0, 88, 205, 170, 35, 1.29%, 15, 0, 3, 182.62
1629386387, 0, 88, 206, 171, 35, 1.29%, 15, 0, 3, 184.03
1629386558, 0, 88, 208, 173, 35, 1.29%, 15, 0, 3, 0.53
1629387400, 0, 94, 208, 172, 34, 1.29%, 15, 0, 3, 11.47
1629387456, 0, 94, 209, 173, 34, 1.29%, 15, 0, 3, 1.03
1629387513, 0, 94, 210, 174, 34, 1.30%, 15, 0, 3, 0.39
1629387538, 0, 94, 211, 175, 34, 1.30%, 15, 0, 3, 2.11
1629387712, 0, 94, 212, 176, 34, 1.30%, 15, 0, 3, 0.79
1629387888, 0, 94, 213, 177, 34, 1.30%, 15, 0, 3, 7.73
1629388077, 0, 94, 214, 178, 34, 1.30%, 15, 0, 3, 0.36
1629388747, 0, 94, 215, 179, 34, 1.30%, 15, 0, 3, 1.45
1629389248, 0, 94, 216, 180, 34, 1.31%, 15, 0, 3, 0.51
1629389402, 0, 94, 217, 181, 34, 1.32%, 15, 0, 3, 1.58
1629389426, 0, 94, 218, 182, 34, 1.32%, 15, 0, 3, 0.98
1629389438, 0, 94, 219, 183, 34, 1.32%, 15, 0, 3, 0.86
1629390129, 0, 94, 220, 184, 34, 1.32%, 15, 0, 3, 1.88
1629391095, 0, 94, 221, 185, 34, 1.32%, 15, 0, 3, 1.35
1629391143, 0, 94, 222, 186, 34, 1.32%, 15, 0, 3, 0.83
1629391301, 0, 94, 223, 187, 34, 1.32%, 15, 0, 3, 0.59
1629391360, 0, 94, 224, 188, 34, 1.35%, 15, 0, 3, 7.49
1629391367, 0, 94, 225, 189, 34, 1.35%, 15, 0, 3, 0.66
1629391693, 0, 94, 226, 190, 34, 1.35%, 15, 0, 3, 2.81
1629391874, 0, 94, 227, 191, 34, 1.35%, 15, 0, 3, 0.78
1629391996, 0, 94, 228, 192, 34, 1.35%, 15, 0, 3, 0.51
1629393547, 0, 94, 230, 194, 34, 1.35%, 15, 0, 3, 141.15
1629393552, 0, 94, 232, 196, 34, 1.35%, 15, 0, 3, 151.87
1629393690, 0, 94, 233, 197, 34, 1.36%, 15, 0, 3, 197.98
1629394479, 0, 94, 234, 198, 34, 1.37%, 15, 0, 3, 0.25
1629394791, 0, 94, 235, 199, 34, 1.37%, 15, 0, 3, 0.77
1629394904, 0, 94, 236, 200, 34, 1.37%, 15, 0, 3, 0.58
1629404103, 0, 94, 242, 206, 34, 1.37%, 15, 0, 3, 102.75
1629404108, 0, 94, 246, 210, 34, 1.37%, 15, 0, 3, 115.29
1629405154, 0, 94, 247, 211, 34, 1.37%, 15, 0, 3, 0.60
1629405319, 0, 94, 248, 212, 34, 1.37%, 15, 0, 3, 2.24
1629405436, 0, 94, 249, 213, 34, 1.37%, 15, 0, 3, 0.60
1629405702, 0, 94, 250, 214, 34, 1.37%, 15, 0, 3, 3.89
1629405959, 0, 94, 251, 215, 34, 1.37%, 15, 0, 3, 1.23
1629406587, 0, 99, 251, 214, 37, 1.37%, 15, 0, 3, 124.70
1629406961, 0, 99, 253, 216, 37, 1.38%, 16, 0, 3, 113.34
1629407946, 0, 100, 253, 215, 38, 1.38%, 16, 0, 3, 154.89
1629409363, 0, 101, 253, 214, 37, 1.38%, 16, 0, 3, 121.37
1629409528, 0, 101, 254, 215, 37, 1.38%, 16, 0, 3, 5.74
1629410819, 0, 111, 254, 214, 36, 1.38%, 16, 0, 3, 134.58
1629411235, 0, 111, 255, 215, 36, 1.38%, 16, 0, 3, 95.14
1629411276, 0, 111, 255, 215, 36, 1.38%, 17, 0, 3, 125.81
1629411363, 0, 111, 256, 216, 36, 1.38%, 17, 0, 3, 97.53
1629412509, 0, 113, 256, 215, 36, 1.38%, 17, 0, 3, 139.12
1629412550, 0, 113, 257, 216, 36, 1.38%, 17, 0, 3, 133.72
1629412763, 0, 113, 259, 218, 36, 1.38%, 17, 0, 3, 132.78
1629413742, 0, 114, 259, 217, 38, 1.38%, 17, 0, 3, 141.35
1629414073, 0, 117, 259, 216, 37, 1.38%, 17, 0, 3, 199.44
1629414308, 0, 119, 259, 215, 36, 1.38%, 17, 0, 3, 222.20
1629414665, 0, 127, 259, 214, 35, 1.38%, 17, 0, 3, 190.53
1629414690, 0, 127, 260, 215, 35, 1.38%, 17, 0, 3, 121.55
1629414695, 0, 127, 262, 217, 35, 1.38%, 17, 0, 3, 120.95
1629414879, 0, 127, 263, 218, 35, 1.39%, 17, 0, 3, 135.31
1629415119, 0, 134, 263, 217, 36, 1.39%, 17, 0, 3, 158.56
1629415160, 0, 134, 264, 218, 36, 1.39%, 17, 0, 3, 114.99
1629415405, 0, 134, 264, 218, 36, 1.39%, 18, 0, 3, 156.87
1629416103, 0, 134, 266, 220, 36, 1.39%, 18, 0, 3, 96.13
1629416108, 0, 134, 267, 221, 36, 1.40%, 18, 0, 3, 94.29
1629416447, 0, 134, 268, 222, 36, 1.40%, 18, 0, 3, 170.36
1629416462, 0, 142, 268, 221, 39, 1.40%, 18, 0, 3, 179.94
1629416617, 0, 142, 269, 222, 39, 1.40%, 18, 0, 4, 132.48
1629417580, 0, 143, 269, 221, 38, 1.40%, 18, 0, 4, 0.88
1629417838, 0, 143, 270, 222, 38, 1.40%, 18, 0, 4, 0.35
1629417870, 0, 143, 271, 223, 38, 1.40%, 18, 0, 4, 0.42
1629417946, 0, 143, 272, 224, 38, 1.40%, 18, 0, 4, 0.86
1629418026, 0, 143, 273, 225, 38, 1.43%, 18, 0, 4, 10.60
1629418063, 0, 143, 274, 226, 38, 1.43%, 18, 0, 4, 0.75
1629418235, 0, 143, 275, 227, 38, 1.43%, 18, 0, 4, 6.68
1629418262, 0, 143, 276, 228, 38, 1.47%, 18, 0, 4, 0.38
1629418822, 0, 143, 277, 229, 38, 1.47%, 18, 0, 4, 0.25
1629419290, 0, 153, 279, 230, 39, 1.47%, 18, 0, 4, 190.94
1629419296, 0, 153, 280, 231, 39, 1.47%, 18, 0, 4, 171.09
1629419577, 0, 154, 280, 230, 39, 1.47%, 18, 0, 4, 211.07
1629419623, 0, 154, 280, 230, 39, 1.47%, 19, 0, 4, 179.73
1629419848, 0, 161, 281, 230, 38, 1.47%, 19, 0, 4, 241.93
1629419925, 0, 161, 282, 231, 38, 1.47%, 19, 0, 4, 224.51
1629420109, 0, 163, 282, 230, 37, 1.47%, 19, 0, 4, 219.84
1629420145, 0, 163, 282, 230, 37, 1.47%, 20, 0, 4, 191.17
1629420232, 0, 166, 282, 229, 36, 1.47%, 20, 0, 4, 198.94
1629420268, 0, 166, 283, 230, 36, 1.47%, 20, 0, 4, 168.60
1629420449, 0, 166, 284, 231, 36, 1.47%, 20, 0, 4, 238.59
1629420454, 0, 166, 285, 232, 36, 1.47%, 20, 0, 4, 267.23
1629420459, 0, 166, 286, 233, 36, 1.47%, 20, 0, 4, 274.19
1629420479, 0, 172, 286, 232, 36, 1.47%, 20, 0, 4, 264.81
1629420525, 0, 172, 287, 233, 36, 1.47%, 20, 0, 4, 151.27
1629420622, 0, 173, 287, 232, 36, 1.47%, 20, 0, 4, 6.41
