# unix_time, cycles_done, cur_path, paths_total, pending_total, pending_favs, map_size, unique_crashes, unique_hangs, max_depth, execs_per_sec
1650986049, 0, 0, 1, 1, 1, 0.81%, 0, 0, 1, 2.03
1650986059, 0, 0, 5, 5, 1, 0.84%, 0, 0, 2, 10.78
1650986106, 0, 0, 6, 6, 1, 0.84%, 0, 0, 2, 4.56
1650986111, 0, 0, 7, 7, 1, 0.84%, 0, 0, 2, 4.29
1650986162, 0, 0, 8, 8, 1, 0.84%, 0, 0, 2, 4.32
1650986183, 0, 0, 9, 9, 1, 0.85%, 0, 0, 2, 102.52
1650986251, 0, 0, 10, 10, 1, 0.85%, 0, 0, 2, 6.07
1650986338, 0, 0, 11, 11, 1, 0.85%, 0, 0, 2, 4.68
1650986384, 0, 0, 12, 12, 1, 0.85%, 0, 0, 2, 3.88
1650986446, 0, 0, 13, 13, 1, 0.85%, 0, 0, 2, 3.70
1650986523, 0, 0, 14, 14, 1, 0.85%, 0, 0, 2, 4.11
1650986586, 0, 0, 15, 15, 1, 0.85%, 0, 0, 2, 3.47
1650987116, 0, 0, 16, 16, 1, 0.85%, 0, 0, 2, 10.04
1650987922, 0, 0, 17, 17, 1, 0.86%, 0, 0, 2, 91.26
1650987927, 0, 0, 19, 19, 1, 0.88%, 0, 0, 2, 60.21
1650987932, 0, 0, 24, 24, 1, 0.88%, 0, 0, 2, 14.18
1650987937, 0, 0, 25, 25, 1, 0.89%, 0, 0, 2, 7.43
1650989334, 0, 0, 26, 26, 1, 0.89%, 0, 0, 2, 41.88
1650989339, 0, 0, 27, 27, 1, 0.89%, 0, 0, 2, 5.98
1650989344, 0, 0, 28, 28, 1, 0.89%, 0, 0, 2, 37.39
1650989436, 0, 0, 29, 29, 1, 0.89%, 0, 0, 2, 36.92
1650989441, 0, 0, 32, 32, 1, 0.89%, 0, 0, 2, 12.44
1650989450, 0, 0, 34, 34, 1, 0.90%, 0, 0, 2, 0.66
1650989472, 0, 0, 35, 35, 1, 0.90%, 0, 0, 2, 1.81
1650989488, 0, 0, 36, 36, 1, 0.90%, 0, 0, 2, 0.66
1650989497, 0, 0, 38, 38, 1, 0.95%, 0, 0, 2, 0.45
1650989514, 0, 0, 39, 39, 1, 0.95%, 0, 0, 2, 0.48
1650989552, 0, 0, 40, 40, 1, 0.98%, 0, 0, 2, 1.09
1650989721, 0, 0, 40, 40, 1, 0.98%, 1, 0, 2, 0.01
1650989864, 0, 0, 40, 40, 1, 0.98%, 2, 0, 2, 0.01
1650990196, 0, 0, 41, 41, 1, 0.98%, 2, 0, 2, 0.92
1650990213, 0, 0, 44, 44, 1, 1.28%, 2, 0, 2, 22.42
