# unix_time, cycles_done, cur_path, paths_total, pending_total, pending_favs, map_size, unique_crashes, unique_hangs, max_depth, execs_per_sec
1629351263, 0, 0, 1, 1, 1, 0.47%, 0, 0, 1, 3.67
1629351268, 0, 0, 5, 5, 1, 0.74%, 0, 0, 2, 136.53
1629351273, 0, 0, 15, 15, 1, 0.79%, 0, 0, 2, 141.27
1629351278, 0, 0, 23, 23, 1, 0.83%, 0, 0, 2, 111.49
1629351283, 0, 0, 29, 29, 1, 0.86%, 0, 0, 2, 118.26
1629351288, 0, 0, 30, 30, 1, 0.86%, 0, 0, 2, 98.90
1629351293, 0, 0, 35, 35, 1, 0.87%, 0, 0, 2, 113.44
1629351304, 0, 0, 36, 36, 1, 0.87%, 0, 0, 2, 100.64
1629351309, 0, 0, 40, 40, 1, 0.91%, 0, 0, 2, 118.79
1629351314, 0, 0, 43, 43, 1, 0.91%, 0, 0, 2, 116.54
1629351319, 0, 0, 45, 45, 1, 0.91%, 0, 0, 2, 112.35
1629351329, 0, 0, 46, 46, 1, 0.91%, 0, 0, 2, 114.96
1629351344, 0, 0, 47, 47, 1, 0.92%, 0, 0, 2, 94.83
1629351349, 0, 0, 48, 48, 1, 0.92%, 0, 0, 2, 101.11
1629351355, 0, 0, 49, 49, 1, 0.92%, 0, 0, 2, 96.37
1629351360, 0, 0, 52, 52, 1, 0.93%, 0, 0, 2, 103.09
1629351365, 0, 0, 54, 54, 1, 0.93%, 0, 0, 2, 118.31
1629351370, 0, 0, 55, 55, 1, 0.93%, 0, 0, 2, 115.97
1629351390, 0, 0, 58, 58, 1, 0.94%, 0, 0, 2, 118.80
1629351425, 0, 0, 59, 59, 1, 1.00%, 0, 0, 2, 182.98
1629351431, 0, 0, 65, 65, 1, 1.00%, 0, 0, 2, 136.71
1629351436, 0, 0, 76, 76, 1, 1.01%, 0, 0, 2, 109.81
1629351456, 0, 0, 78, 78, 1, 1.02%, 0, 0, 2, 119.37
1629351538, 0, 0, 79, 79, 1, 1.02%, 0, 0, 2, 96.39
1629351553, 0, 0, 81, 81, 1, 1.02%, 0, 0, 2, 84.46
1629351578, 0, 0, 82, 82, 1, 1.02%, 0, 0, 2, 84.46
1629351609, 0, 0, 83, 83, 1, 1.02%, 0, 0, 2, 84.09
1629351614, 0, 0, 85, 85, 1, 1.02%, 0, 0, 2, 78.16
1629351619, 0, 0, 86, 86, 1, 1.03%, 0, 0, 2, 97.17
1629351634, 0, 0, 87, 87, 1, 1.03%, 0, 0, 2, 159.71
1629351654, 0, 0, 92, 92, 1, 1.04%, 1, 0, 2, 118.52
1629351659, 0, 0, 102, 102, 1, 1.09%, 1, 0, 2, 108.02
1629351664, 0, 0, 104, 104, 1, 1.09%, 1, 0, 2, 103.66
1629351747, 0, 0, 108, 108, 1, 1.10%, 1, 0, 2, 116.00
1629351752, 0, 0, 109, 109, 1, 1.10%, 1, 0, 2, 123.38
1629351868, 0, 0, 110, 110, 1, 1.10%, 1, 0, 2, 111.69
1629352336, 0, 0, 112, 112, 1, 1.10%, 1, 0, 2, 82.26
1629352688, 0, 0, 113, 113, 1, 1.14%, 1, 0, 2, 105.60
1629352709, 0, 0, 115, 115, 1, 1.14%, 1, 0, 2, 129.12
1629352714, 0, 0, 119, 119, 1, 1.14%, 1, 0, 2, 138.04
1629352719, 0, 0, 121, 121, 1, 1.14%, 1, 0, 2, 143.26
1629352724, 0, 0, 122, 122, 1, 1.14%, 1, 0, 2, 142.25
1629352729, 0, 0, 126, 126, 1, 1.14%, 1, 0, 2, 137.68
1629352734, 0, 0, 129, 129, 1, 1.14%, 1, 0, 2, 142.88
1629352739, 0, 0, 132, 132, 1, 1.14%, 1, 0, 2, 140.88
1629352744, 0, 0, 133, 133, 1, 1.14%, 1, 0, 2, 142.98
1629352749, 0, 0, 134, 134, 1, 1.14%, 1, 0, 2, 146.55
1629352754, 0, 0, 135, 135, 1, 1.14%, 1, 0, 2, 141.79
1629352764, 0, 0, 137, 137, 1, 1.14%, 1, 0, 2, 137.44
1629352775, 0, 0, 139, 139, 1, 1.14%, 1, 0, 2, 144.72
1629352792, 0, 0, 140, 140, 1, 1.14%, 1, 0, 2, 144.87
1629352797, 0, 0, 141, 141, 1, 1.14%, 1, 0, 2, 136.50
1629352843, 0, 0, 142, 142, 1, 1.14%, 1, 0, 2, 138.36
1629352858, 0, 0, 143, 143, 1, 1.14%, 1, 0, 2, 138.24
1629352863, 0, 0, 144, 144, 1, 1.14%, 1, 0, 2, 140.43
1629352878, 0, 0, 145, 145, 1, 1.14%, 1, 0, 2, 137.47
1629352883, 0, 0, 146, 146, 1, 1.14%, 1, 0, 2, 135.59
1629352893, 0, 0, 147, 147, 1, 1.14%, 1, 0, 2, 140.80
1629352903, 0, 0, 148, 148, 1, 1.14%, 1, 0, 2, 137.72
1629352908, 0, 0, 151, 151, 1, 1.14%, 1, 0, 2, 144.13
1629352934, 0, 0, 152, 152, 1, 1.14%, 1, 0, 2, 144.35
1629352939, 0, 0, 153, 153, 1, 1.14%, 1, 0, 2, 140.94
1629352944, 0, 1, 153, 152, 48, 1.14%, 1, 0, 2, 146.05
1629353087, 0, 1, 154, 153, 48, 1.14%, 1, 0, 3, 195.52
1629353097, 0, 3, 154, 152, 47, 1.14%, 1, 0, 3, 152.33
1629353461, 0, 3, 155, 153, 47, 1.14%, 2, 0, 3, 127.00
1629354492, 0, 3, 156, 154, 47, 1.14%, 2, 0, 3, 143.89
1629354502, 0, 5, 156, 153, 46, 1.14%, 2, 0, 3, 162.72
1629354553, 0, 5, 156, 153, 46, 1.14%, 3, 0, 3, 117.98
1629354660, 0, 7, 156, 152, 45, 1.14%, 3, 0, 3, 173.47
1629354833, 0, 8, 156, 151, 44, 1.14%, 3, 0, 3, 173.39
1629354889, 0, 8, 156, 151, 44, 1.14%, 4, 0, 3, 117.67
1629355000, 0, 8, 158, 153, 44, 1.14%, 4, 0, 3, 191.29
1629355021, 0, 8, 159, 154, 44, 1.14%, 4, 0, 3, 219.34
1629355056, 0, 9, 159, 153, 42, 1.14%, 4, 0, 3, 154.52
1629355224, 0, 20, 159, 152, 41, 1.14%, 4, 0, 3, 162.59
1629355418, 0, 20, 160, 153, 41, 1.14%, 4, 0, 3, 125.81
1629355667, 0, 20, 161, 154, 41, 1.15%, 4, 0, 3, 118.17
1629355758, 0, 20, 162, 155, 41, 1.15%, 4, 0, 3, 79.81
1629356995, 0, 24, 162, 154, 42, 1.15%, 4, 0, 3, 118.70
1629357036, 0, 24, 163, 155, 42, 1.15%, 4, 0, 3, 115.87
1629357158, 0, 24, 164, 156, 42, 1.15%, 4, 0, 3, 114.42
1629357362, 0, 24, 164, 156, 42, 1.15%, 5, 0, 3, 115.47
1629357367, 0, 24, 165, 157, 42, 1.15%, 5, 0, 3, 106.06
1629358395, 0, 26, 165, 156, 42, 1.15%, 5, 0, 3, 134.73
1629358400, 0, 26, 166, 157, 42, 1.16%, 5, 0, 3, 137.35
1629358423, 0, 26, 167, 158, 42, 1.22%, 5, 0, 3, 0.23
1629358464, 0, 26, 169, 160, 42, 1.23%, 5, 0, 3, 119.10
1629358471, 0, 26, 170, 161, 42, 1.24%, 5, 0, 3, 1.61
1629358594, 0, 29, 170, 160, 45, 1.24%, 5, 0, 3, 169.32
1629358980, 0, 29, 170, 160, 45, 1.24%, 6, 0, 3, 113.38
1629360028, 0, 29, 171, 161, 45, 1.24%, 6, 0, 3, 143.85
1629360033, 0, 29, 172, 162, 45, 1.24%, 6, 0, 3, 143.59
1629360048, 0, 29, 173, 163, 45, 1.24%, 6, 0, 3, 139.49
1629360079, 0, 29, 174, 164, 45, 1.24%, 6, 0, 3, 142.19
1629360119, 0, 29, 175, 165, 45, 1.24%, 6, 0, 3, 152.47
1629360165, 0, 29, 176, 166, 45, 1.24%, 6, 0, 3, 140.70
1629360195, 0, 37, 176, 165, 44, 1.24%, 6, 0, 3, 144.09
1629360573, 0, 37, 177, 166, 44, 1.24%, 6, 0, 3, 115.24
1629360583, 0, 37, 178, 167, 44, 1.24%, 6, 0, 3, 103.44
1629361655, 0, 39, 179, 167, 44, 1.24%, 6, 0, 3, 131.61
1629361660, 0, 39, 180, 168, 44, 1.24%, 6, 0, 3, 125.45
1629361833, 0, 40, 180, 167, 45, 1.24%, 6, 0, 3, 158.80
1629361889, 0, 40, 180, 167, 45, 1.24%, 7, 0, 3, 125.15
1629362016, 0, 40, 181, 168, 45, 1.24%, 7, 0, 3, 200.89
1629362021, 0, 40, 182, 169, 45, 1.24%, 7, 0, 3, 227.65
1629362036, 0, 41, 182, 168, 44, 1.24%, 7, 0, 3, 219.43
1629362092, 0, 41, 183, 169, 44, 1.24%, 7, 0, 3, 114.30
1629362387, 0, 41, 183, 169, 44, 1.24%, 8, 0, 3, 124.59
1629362474, 0, 41, 185, 171, 44, 1.25%, 8, 0, 3, 107.64
1629362479, 0, 41, 186, 172, 44, 1.25%, 8, 0, 3, 110.20
1629363431, 0, 41, 187, 173, 44, 1.25%, 8, 0, 3, 136.24
1629363457, 0, 44, 187, 172, 46, 1.25%, 8, 0, 3, 136.28
1629363518, 0, 44, 188, 173, 46, 1.25%, 8, 0, 3, 104.66
1629363548, 0, 44, 189, 174, 46, 1.25%, 8, 0, 3, 112.30
1629363628, 0, 44, 190, 175, 46, 1.26%, 8, 0, 3, 0.25
1629363873, 0, 44, 190, 175, 46, 1.26%, 9, 0, 3, 123.91
1629364934, 0, 45, 190, 174, 47, 1.26%, 9, 0, 3, 124.02
1629365215, 0, 45, 191, 175, 47, 1.26%, 9, 0, 3, 98.44
1629365316, 0, 45, 191, 175, 47, 1.26%, 10, 0, 3, 122.53
1629366384, 0, 46, 191, 174, 46, 1.26%, 10, 0, 3, 135.76
1629367422, 0, 48, 191, 173, 45, 1.26%, 10, 0, 3, 149.39
1629368790, 0, 48, 192, 174, 45, 1.26%, 10, 0, 3, 134.52
1629368831, 0, 49, 192, 173, 45, 1.26%, 10, 0, 3, 132.47
1629369008, 0, 51, 192, 172, 44, 1.26%, 10, 0, 3, 192.99
1629369394, 0, 51, 192, 172, 44, 1.26%, 11, 0, 3, 127.55
1629370465, 0, 52, 192, 171, 43, 1.26%, 11, 0, 3, 133.55
1629370650, 0, 53, 192, 170, 42, 1.26%, 11, 0, 3, 159.06
1629370825, 0, 54, 192, 169, 41, 1.26%, 11, 0, 3, 201.66
1629370875, 0, 54, 193, 170, 41, 1.26%, 11, 0, 3, 108.69
1629370936, 0, 54, 194, 171, 41, 1.26%, 11, 0, 3, 100.89
1629371210, 0, 54, 194, 171, 41, 1.26%, 12, 0, 3, 125.38
1629372280, 0, 58, 194, 170, 40, 1.26%, 12, 0, 3, 4.27
1629372285, 0, 58, 195, 171, 40, 1.26%, 12, 0, 3, 3.53
1629372328, 0, 58, 196, 172, 40, 1.26%, 12, 0, 3, 0.63
1629372341, 0, 58, 197, 173, 40, 1.26%, 12, 0, 3, 1.16
1629372387, 0, 58, 198, 174, 40, 1.27%, 12, 0, 3, 1.34
1629372421, 0, 58, 199, 175, 40, 1.27%, 12, 0, 3, 5.12
1629372449, 0, 58, 200, 176, 40, 1.27%, 12, 0, 3, 0.27
1629372571, 0, 58, 201, 177, 40, 1.27%, 12, 0, 3, 0.57
1629372693, 0, 58, 202, 178, 40, 1.27%, 12, 0, 3, 0.60
1629372714, 0, 58, 203, 179, 40, 1.27%, 12, 0, 3, 0.76
1629372792, 0, 58, 204, 180, 40, 1.27%, 12, 0, 3, 0.49
1629372825, 0, 58, 205, 181, 40, 1.27%, 12, 0, 3, 0.62
1629372921, 0, 58, 206, 182, 40, 1.30%, 12, 0, 3, 0.61
1629372969, 0, 58, 207, 183, 40, 1.30%, 12, 0, 3, 0.26
1629373082, 0, 58, 208, 184, 40, 1.30%, 12, 0, 3, 0.32
1629373120, 0, 58, 209, 185, 40, 1.30%, 12, 0, 3, 0.26
1629373144, 0, 58, 210, 186, 40, 1.30%, 12, 0, 3, 1.13
1629373381, 0, 58, 211, 187, 40, 1.31%, 12, 0, 3, 1.61
1629373422, 0, 58, 212, 188, 40, 1.42%, 12, 0, 3, 6.36
1629373427, 0, 58, 213, 189, 40, 1.42%, 12, 0, 3, 1.41
1629373465, 0, 58, 214, 190, 40, 1.49%, 12, 0, 3, 0.97
1629373574, 0, 58, 215, 191, 40, 1.49%, 12, 0, 3, 0.98
1629373617, 0, 58, 216, 192, 40, 1.49%, 12, 0, 3, 0.74
1629373883, 0, 58, 217, 193, 40, 1.54%, 12, 0, 3, 1.98
1629374025, 0, 58, 218, 194, 40, 1.54%, 12, 0, 3, 1.12
1629374039, 0, 58, 219, 195, 40, 1.54%, 12, 0, 3, 1.02
1629374073, 0, 58, 220, 196, 40, 1.54%, 12, 0, 3, 0.90
1629374155, 0, 58, 221, 197, 40, 1.54%, 12, 0, 3, 1.07
1629374278, 0, 58, 222, 198, 40, 1.54%, 12, 0, 3, 0.38
1629374340, 0, 58, 223, 199, 40, 1.54%, 12, 0, 3, 0.78
1629374376, 0, 58, 224, 200, 40, 1.54%, 12, 0, 3, 1.29
1629375739, 0, 61, 224, 199, 47, 1.54%, 12, 0, 3, 114.71
1629375795, 0, 61, 226, 201, 47, 1.54%, 12, 0, 3, 115.58
1629375836, 0, 61, 227, 202, 47, 1.54%, 12, 0, 3, 104.10
1629375876, 0, 61, 228, 203, 47, 1.54%, 12, 0, 3, 109.50
1629375917, 0, 76, 228, 202, 46, 1.54%, 12, 0, 3, 197.98
1629376177, 0, 76, 229, 203, 46, 1.54%, 12, 0, 3, 98.08
1629376293, 0, 76, 229, 203, 46, 1.54%, 13, 0, 3, 114.65
1629377361, 0, 78, 229, 202, 46, 1.54%, 13, 0, 3, 121.87
1629377687, 0, 78, 230, 203, 46, 1.54%, 13, 0, 3, 91.23
1629377743, 0, 78, 230, 203, 46, 1.54%, 14, 0, 3, 128.76
1629378810, 0, 78, 231, 204, 46, 1.54%, 14, 0, 3, 145.91
1629378815, 0, 78, 232, 205, 46, 1.54%, 14, 0, 3, 148.01
1629378825, 0, 78, 234, 207, 46, 1.54%, 14, 0, 3, 151.87
1629378871, 0, 78, 235, 208, 46, 1.54%, 14, 0, 3, 149.51
1629378896, 0, 78, 236, 209, 46, 1.54%, 14, 0, 3, 137.01
1629378912, 0, 78, 237, 210, 46, 1.54%, 14, 0, 3, 140.70
1629378957, 0, 81, 238, 210, 46, 1.54%, 14, 0, 3, 131.42
1629379384, 0, 81, 238, 210, 46, 1.54%, 15, 0, 3, 134.00
1629379481, 0, 81, 239, 211, 46, 1.54%, 15, 0, 3, 84.59
1629380724, 0, 81, 240, 212, 46, 1.54%, 15, 0, 3, 129.35
1629380749, 0, 81, 241, 213, 46, 1.54%, 15, 0, 3, 137.64
1629380759, 0, 81, 242, 214, 46, 1.54%, 15, 0, 3, 129.53
1629380775, 0, 81, 243, 215, 46, 1.54%, 15, 0, 3, 130.10
1629380815, 0, 81, 244, 216, 46, 1.54%, 15, 0, 3, 141.99
1629380846, 0, 86, 244, 215, 46, 1.54%, 15, 0, 3, 129.78
1629381056, 0, 96, 244, 214, 45, 1.54%, 15, 0, 3, 113.61
1629381118, 0, 96, 245, 215, 45, 1.54%, 15, 0, 3, 0.39
1629381564, 0, 96, 246, 216, 45, 1.54%, 15, 0, 3, 0.45
1629382998, 0, 96, 247, 217, 45, 1.54%, 15, 0, 3, 1.11
1629383016, 0, 96, 248, 218, 45, 1.54%, 15, 0, 3, 0.92
1629383042, 0, 96, 249, 219, 45, 1.54%, 15, 0, 3, 0.86
1629384595, 0, 96, 250, 220, 45, 1.54%, 15, 0, 3, 0.59
1629384754, 0, 96, 251, 221, 45, 1.54%, 15, 0, 3, 0.82
1629384788, 0, 96, 253, 223, 45, 1.55%, 15, 0, 3, 1.55
1629384794, 0, 96, 254, 224, 45, 1.55%, 15, 0, 3, 0.52
1629385939, 0, 96, 255, 225, 45, 1.55%, 15, 0, 3, 1.53
1629386866, 0, 96, 258, 228, 45, 1.55%, 15, 0, 3, 131.46
1629387040, 0, 96, 260, 230, 45, 1.56%, 15, 0, 3, 141.32
1629388075, 0, 96, 261, 231, 45, 1.56%, 15, 0, 3, 0.24
1629397560, 0, 96, 262, 232, 45, 1.56%, 15, 0, 3, 0.37
1629397577, 0, 96, 263, 233, 45, 1.56%, 15, 0, 3, 153.09
1629397582, 0, 96, 268, 238, 45, 1.56%, 15, 0, 3, 157.11
1629398345, 0, 96, 269, 239, 45, 1.56%, 15, 0, 3, 0.61
1629398445, 0, 96, 270, 240, 45, 1.56%, 15, 0, 3, 0.37
1629398718, 0, 96, 271, 241, 45, 1.56%, 15, 0, 3, 14.64
1629399307, 0, 96, 272, 242, 45, 1.56%, 15, 0, 3, 0.43
1629399530, 0, 96, 273, 243, 45, 1.56%, 15, 0, 3, 0.93
1629400642, 0, 96, 274, 244, 45, 1.56%, 15, 0, 3, 0.26
1629401195, 0, 101, 274, 243, 47, 1.56%, 15, 0, 3, 149.73
1629402205, 0, 107, 274, 242, 46, 1.56%, 15, 0, 3, 174.08
1629402513, 0, 107, 275, 243, 46, 1.56%, 15, 0, 3, 130.23
1629402538, 0, 107, 275, 243, 46, 1.56%, 16, 0, 3, 186.76
1629403454, 0, 110, 275, 242, 45, 1.56%, 16, 0, 3, 176.76
1629403807, 0, 110, 276, 243, 45, 1.59%, 16, 0, 3, 175.10
1629403874, 0, 110, 277, 244, 45, 1.59%, 16, 0, 3, 111.50
1629405003, 0, 112, 277, 243, 44, 1.59%, 16, 0, 3, 142.59
1629405039, 0, 112, 278, 244, 44, 1.59%, 16, 0, 3, 135.72
1629405177, 0, 112, 279, 245, 44, 1.59%, 16, 0, 3, 124.26
1629405258, 0, 112, 280, 246, 44, 1.59%, 16, 0, 3, 126.30
1629405432, 0, 112, 281, 247, 44, 1.60%, 16, 0, 3, 133.28
1629406217, 0, 112, 282, 248, 44, 1.60%, 16, 0, 3, 162.76
1629406248, 0, 120, 282, 247, 46, 1.60%, 16, 0, 3, 165.60
1629406590, 0, 126, 282, 246, 45, 1.60%, 16, 0, 3, 175.83
1629406901, 0, 128, 282, 245, 44, 1.60%, 16, 0, 3, 170.67
1629407182, 0, 128, 283, 246, 44, 1.60%, 16, 0, 3, 213.04
1629407187, 0, 154, 283, 245, 43, 1.60%, 16, 0, 3, 210.17
1629407192, 0, 154, 284, 246, 43, 1.60%, 16, 0, 4, 134.44
1629408522, 0, 156, 284, 245, 42, 1.60%, 16, 0, 4, 188.35
1629408542, 0, 158, 284, 244, 41, 1.60%, 16, 0, 4, 159.31
1629408629, 0, 158, 285, 245, 41, 1.60%, 16, 0, 4, 163.18
1629408695, 0, 158, 286, 246, 41, 1.60%, 16, 0, 4, 115.62
1629408858, 0, 161, 286, 245, 40, 1.60%, 16, 0, 4, 160.88
1629409320, 0, 161, 286, 245, 40, 1.60%, 17, 0, 4, 122.77
1629410024, 0, 161, 287, 246, 40, 1.60%, 17, 0, 4, 75.46
1629410679, 0, 162, 287, 245, 39, 1.60%, 17, 0, 4, 132.94
1629410735, 0, 162, 287, 245, 39, 1.60%, 18, 0, 4, 119.06
1629410856, 0, 165, 287, 244, 38, 1.60%, 18, 0, 4, 157.02
1629411024, 0, 165, 288, 245, 38, 1.60%, 18, 0, 4, 199.38
1629411029, 0, 165, 289, 246, 38, 1.60%, 18, 0, 4, 210.51
1629411067, 0, 166, 289, 245, 37, 1.60%, 18, 0, 4, 0.45
1629432206, 0, 167, 289, 244, 36, 1.60%, 18, 0, 4, 0.25
