# unix_time, cycles_done, cur_path, paths_total, pending_total, pending_favs, map_size, unique_crashes, unique_hangs, max_depth, execs_per_sec
1629106992, 0, 0, 1, 1, 1, 2.26%, 0, 0, 1, 5.54
1629106997, 0, 0, 13, 13, 1, 2.42%, 10, 0, 2, 70.79
1629107002, 0, 0, 36, 36, 1, 2.49%, 10, 0, 2, 61.34
1629107007, 0, 0, 52, 52, 1, 2.50%, 10, 0, 2, 56.65
1629107012, 0, 0, 53, 53, 1, 2.50%, 10, 0, 2, 53.05
1629107017, 0, 0, 54, 54, 1, 2.50%, 10, 0, 2, 49.68
1629107023, 0, 0, 63, 63, 1, 2.50%, 10, 0, 2, 53.83
1629107028, 0, 0, 65, 65, 1, 2.50%, 10, 0, 2, 56.14
1629107033, 0, 0, 71, 71, 1, 2.53%, 10, 0, 2, 51.68
1629107038, 0, 0, 75, 75, 1, 2.53%, 10, 0, 2, 50.06
1629107043, 0, 0, 79, 79, 1, 2.53%, 10, 0, 2, 51.45
1629107048, 0, 0, 85, 85, 1, 2.56%, 10, 0, 2, 72.53
1629107053, 0, 0, 93, 93, 1, 2.57%, 10, 0, 2, 58.76
1629107068, 0, 0, 96, 96, 1, 2.57%, 10, 0, 2, 56.88
1629107078, 0, 0, 97, 97, 1, 2.58%, 10, 0, 2, 59.02
1629107089, 0, 0, 100, 100, 1, 2.58%, 10, 0, 2, 73.47
1629107094, 0, 0, 103, 103, 1, 2.59%, 10, 0, 2, 61.25
1629107134, 0, 0, 104, 104, 1, 2.59%, 10, 0, 2, 55.84
1629107139, 0, 0, 106, 106, 1, 2.59%, 11, 0, 2, 57.84
1629107144, 0, 0, 108, 108, 1, 2.62%, 11, 0, 2, 96.79
1629107150, 0, 0, 109, 109, 1, 2.62%, 12, 0, 2, 104.76
1629107155, 0, 0, 112, 112, 1, 2.62%, 12, 0, 2, 71.45
1629107165, 0, 0, 116, 116, 1, 2.65%, 12, 0, 2, 59.33
1629107170, 0, 0, 117, 117, 1, 2.67%, 12, 0, 2, 55.34
1629107257, 0, 0, 118, 118, 1, 2.67%, 12, 0, 2, 55.85
1629107262, 0, 0, 119, 119, 1, 2.70%, 12, 0, 2, 55.20
1629107348, 0, 0, 122, 122, 1, 2.70%, 12, 0, 2, 57.05
1629107379, 0, 0, 123, 123, 1, 2.70%, 12, 0, 2, 55.12
1629107384, 0, 0, 124, 124, 1, 2.70%, 12, 0, 2, 54.03
1629107415, 0, 0, 125, 125, 1, 2.70%, 12, 0, 2, 52.77
1629107420, 0, 0, 126, 126, 1, 2.71%, 12, 0, 2, 54.67
1629107440, 0, 0, 128, 128, 1, 2.71%, 14, 0, 2, 66.66
1629107466, 0, 0, 129, 129, 1, 2.72%, 14, 0, 2, 103.56
1629107587, 0, 0, 130, 130, 1, 2.72%, 14, 0, 2, 112.57
1629107770, 0, 0, 130, 130, 1, 2.72%, 15, 0, 2, 143.70
1629107775, 0, 0, 130, 130, 1, 2.72%, 16, 0, 2, 153.47
1629107791, 0, 0, 135, 135, 1, 2.72%, 16, 0, 2, 88.20
1629107796, 0, 0, 138, 138, 1, 2.72%, 16, 0, 2, 76.78
1629107806, 0, 0, 146, 146, 1, 2.74%, 16, 0, 2, 61.77
1629107811, 0, 0, 150, 150, 1, 2.74%, 16, 0, 2, 58.47
1629107816, 0, 0, 151, 151, 1, 2.74%, 16, 0, 2, 58.59
1629107821, 0, 0, 153, 153, 1, 2.74%, 16, 0, 2, 59.56
1629107826, 0, 0, 154, 154, 1, 2.74%, 16, 0, 2, 61.41
1629107831, 0, 0, 155, 155, 1, 2.74%, 16, 0, 2, 62.80
1629107836, 0, 0, 157, 157, 1, 2.74%, 16, 0, 2, 62.43
1629107852, 0, 0, 158, 158, 1, 2.74%, 16, 0, 2, 61.97
1629107857, 0, 0, 160, 160, 1, 2.74%, 16, 0, 2, 62.12
1629108005, 0, 0, 161, 161, 1, 2.74%, 16, 0, 2, 50.80
1629108076, 0, 0, 162, 162, 1, 2.74%, 16, 0, 2, 52.31
1629108148, 0, 0, 163, 163, 1, 2.74%, 16, 0, 2, 52.19
1629108158, 0, 0, 164, 164, 1, 2.74%, 16, 0, 2, 50.11
1629108173, 0, 0, 165, 165, 1, 2.75%, 16, 0, 2, 61.01
1629108183, 0, 0, 166, 166, 1, 2.75%, 16, 0, 2, 63.21
1629108239, 0, 0, 167, 167, 1, 2.75%, 16, 0, 2, 53.60
1629108285, 0, 0, 168, 168, 1, 2.78%, 16, 0, 2, 61.99
1629108290, 0, 0, 170, 170, 1, 2.78%, 16, 0, 2, 62.26
1629108402, 0, 0, 171, 171, 1, 2.80%, 16, 0, 2, 62.06
1629108407, 0, 0, 172, 172, 1, 2.86%, 16, 0, 2, 54.02
1629108443, 0, 0, 175, 175, 1, 2.87%, 16, 0, 2, 52.77
1629108448, 0, 0, 176, 176, 1, 2.87%, 16, 0, 2, 51.91
1629108468, 0, 0, 177, 177, 1, 2.87%, 16, 0, 2, 49.49
1629108652, 0, 0, 180, 180, 1, 2.87%, 16, 0, 2, 73.86
1629108657, 0, 0, 182, 182, 1, 2.88%, 16, 0, 2, 57.65
1629108677, 0, 0, 182, 182, 1, 2.88%, 17, 0, 2, 182.90
1629108682, 0, 0, 184, 184, 1, 2.91%, 17, 0, 2, 147.42
1629108687, 0, 0, 195, 195, 1, 3.05%, 17, 0, 2, 72.79
1629108693, 0, 0, 203, 203, 1, 3.25%, 17, 0, 2, 68.25
1629108698, 0, 0, 209, 209, 1, 3.27%, 17, 0, 2, 69.24
1629108703, 0, 0, 216, 216, 1, 3.28%, 17, 0, 2, 66.62
1629108774, 0, 0, 217, 217, 1, 3.28%, 17, 0, 2, 111.36
1629108779, 0, 0, 221, 221, 1, 3.29%, 17, 0, 2, 71.57
1629108784, 0, 0, 222, 222, 1, 3.29%, 17, 0, 2, 64.27
1629108886, 0, 0, 223, 223, 1, 3.29%, 17, 0, 2, 58.31
1629109023, 0, 0, 229, 229, 1, 3.29%, 17, 0, 2, 56.73
1629109028, 0, 0, 237, 237, 1, 3.29%, 17, 0, 2, 58.11
1629109033, 0, 0, 244, 244, 1, 3.29%, 17, 0, 2, 57.24
1629109039, 0, 0, 247, 247, 1, 3.29%, 17, 0, 2, 57.00
1629111818, 0, 0, 248, 248, 1, 3.29%, 17, 0, 2, 52.18
1629111828, 0, 0, 249, 249, 1, 3.29%, 17, 0, 2, 49.55
1629111834, 0, 0, 252, 252, 1, 3.29%, 17, 0, 2, 51.47
1629112053, 0, 0, 253, 253, 1, 3.29%, 17, 0, 2, 55.54
1629112966, 0, 0, 254, 254, 1, 3.29%, 17, 0, 2, 63.98
1629113307, 0, 0, 255, 255, 1, 3.29%, 18, 0, 2, 55.84
1629113312, 0, 0, 265, 265, 1, 3.30%, 20, 0, 2, 91.03
1629113317, 0, 0, 270, 270, 1, 3.30%, 20, 0, 2, 93.24
1629113328, 0, 0, 272, 272, 1, 3.30%, 20, 0, 2, 100.18
1629113338, 0, 0, 275, 275, 1, 3.30%, 20, 0, 2, 100.10
1629113343, 0, 2, 276, 275, 70, 3.30%, 20, 0, 2, 90.85
1629113363, 0, 2, 277, 276, 70, 3.30%, 20, 0, 3, 52.31
1629113373, 0, 2, 278, 277, 70, 3.30%, 20, 0, 3, 53.14
1629113388, 0, 2, 279, 278, 70, 3.30%, 20, 0, 3, 66.00
1629113475, 0, 2, 280, 279, 70, 3.30%, 20, 0, 3, 87.38
1629113927, 0, 2, 281, 280, 70, 3.31%, 20, 0, 3, 66.36
1629113933, 0, 2, 282, 281, 70, 3.31%, 20, 0, 3, 67.07
1629114014, 0, 2, 283, 282, 70, 3.31%, 20, 0, 3, 53.71
1629114103, 0, 2, 285, 284, 70, 3.31%, 20, 0, 3, 60.60
1629114108, 0, 2, 286, 285, 70, 3.31%, 20, 0, 3, 61.04
1629114199, 0, 2, 287, 286, 70, 3.31%, 20, 0, 3, 55.75
1629114357, 0, 2, 288, 287, 70, 3.31%, 20, 0, 3, 59.41
1629114510, 0, 2, 289, 288, 70, 3.31%, 20, 0, 3, 59.44
1629114596, 0, 2, 291, 290, 70, 3.32%, 20, 0, 3, 83.23
1629117249, 0, 2, 291, 290, 70, 3.32%, 21, 0, 3, 51.23
1629118707, 0, 2, 292, 291, 70, 3.32%, 21, 0, 3, 55.52
1629118977, 0, 3, 292, 290, 73, 3.32%, 21, 0, 3, 67.58
1629118987, 0, 3, 293, 291, 73, 3.32%, 21, 0, 3, 59.81
1629119527, 0, 3, 294, 292, 73, 3.32%, 21, 0, 3, 57.18
1629119588, 0, 3, 296, 294, 73, 3.32%, 21, 0, 3, 58.62
1629120280, 0, 3, 297, 295, 73, 3.32%, 21, 0, 3, 78.68
1629120285, 0, 3, 298, 296, 73, 3.33%, 21, 0, 3, 114.71
1629124844, 0, 4, 298, 295, 73, 3.33%, 21, 0, 3, 70.13
1629124849, 0, 4, 299, 296, 73, 3.33%, 22, 0, 3, 72.67
1629124875, 0, 4, 300, 297, 73, 3.34%, 22, 0, 3, 55.13
1629125109, 0, 4, 301, 298, 73, 3.34%, 22, 0, 3, 53.21
1629125465, 0, 4, 302, 299, 73, 3.34%, 22, 0, 3, 61.15
1629125491, 0, 4, 303, 300, 73, 3.34%, 22, 0, 3, 63.44
1629125639, 0, 4, 304, 301, 73, 3.34%, 22, 0, 3, 60.09
1629126135, 0, 4, 305, 302, 73, 3.34%, 22, 0, 3, 78.19
1629130694, 0, 4, 306, 303, 73, 3.34%, 23, 0, 3, 64.09
1629130699, 0, 34, 306, 302, 75, 3.34%, 23, 0, 3, 82.26
1629130704, 0, 34, 309, 305, 75, 3.34%, 23, 0, 3, 59.45
1629130847, 0, 34, 310, 306, 75, 3.34%, 23, 0, 3, 63.18
1629132170, 0, 34, 313, 309, 75, 3.34%, 23, 0, 3, 55.29
1629132175, 0, 34, 318, 314, 75, 3.34%, 23, 0, 3, 57.01
1629132302, 0, 34, 319, 315, 75, 3.34%, 23, 0, 3, 57.15
1629132307, 0, 34, 320, 316, 75, 3.34%, 23, 0, 3, 54.14
1629132358, 0, 34, 321, 317, 75, 3.34%, 23, 0, 3, 64.41
1629135085, 0, 34, 321, 317, 75, 3.34%, 24, 0, 3, 54.90
1629136603, 0, 40, 321, 316, 74, 3.34%, 24, 0, 3, 79.66
1629136827, 0, 40, 322, 317, 74, 3.34%, 24, 0, 3, 107.12
1629137126, 0, 40, 322, 317, 74, 3.34%, 25, 0, 3, 92.77
1629138902, 0, 46, 322, 316, 73, 3.34%, 25, 0, 3, 91.32
1629140280, 0, 46, 323, 317, 73, 3.34%, 25, 0, 3, 83.58
1629144777, 0, 54, 323, 316, 72, 3.34%, 25, 0, 3, 86.11
1629144798, 0, 54, 324, 317, 72, 3.34%, 25, 0, 3, 73.41
1629145206, 0, 54, 325, 318, 72, 3.34%, 25, 0, 3, 98.12
1629145211, 0, 54, 325, 318, 72, 3.34%, 26, 0, 3, 104.85
1629146979, 0, 60, 325, 317, 71, 3.34%, 26, 0, 3, 87.74
1629147345, 0, 60, 326, 318, 71, 3.34%, 26, 0, 3, 67.90
1629147446, 0, 60, 327, 319, 71, 3.34%, 26, 0, 3, 98.72
1629147451, 0, 60, 327, 319, 71, 3.34%, 27, 0, 3, 107.39
1629149288, 0, 82, 327, 318, 70, 3.34%, 27, 0, 3, 74.22
1629149329, 0, 82, 328, 319, 70, 3.34%, 27, 0, 3, 76.90
1629150512, 0, 82, 329, 320, 70, 3.34%, 27, 0, 3, 109.69
1629150517, 0, 82, 330, 321, 70, 3.34%, 27, 0, 3, 82.65
1629150522, 0, 82, 332, 323, 70, 3.34%, 27, 0, 3, 88.35
1629154941, 0, 85, 332, 322, 69, 3.34%, 27, 0, 3, 85.64
1629155933, 0, 85, 332, 322, 69, 3.34%, 28, 0, 3, 98.79
1629159418, 0, 97, 332, 321, 68, 3.34%, 28, 0, 3, 76.06
1629165299, 0, 100, 332, 320, 67, 3.34%, 28, 0, 3, 78.59
1629165411, 0, 100, 333, 321, 67, 3.34%, 28, 0, 3, 65.29
1629166245, 0, 100, 333, 321, 67, 3.34%, 29, 0, 3, 85.69
1629168862, 0, 100, 333, 321, 67, 3.34%, 30, 0, 3, 7.67
1629169713, 0, 107, 333, 320, 66, 3.34%, 30, 0, 3, 82.05
1629169848, 0, 107, 334, 321, 66, 3.34%, 30, 0, 3, 94.34
1629170977, 0, 107, 335, 322, 66, 3.34%, 30, 0, 3, 96.18
1629170987, 0, 107, 338, 325, 66, 3.35%, 30, 0, 3, 81.61
1629170992, 0, 107, 341, 328, 66, 3.35%, 30, 0, 3, 64.18
1629170997, 0, 107, 342, 329, 66, 3.35%, 30, 0, 3, 76.03
1629175453, 0, 111, 342, 328, 66, 3.35%, 30, 0, 3, 79.20
1629175484, 0, 111, 343, 329, 66, 3.35%, 30, 0, 3, 77.96
1629175565, 0, 111, 344, 330, 66, 3.36%, 30, 0, 3, 67.93
1629176389, 0, 111, 344, 330, 66, 3.36%, 31, 0, 3, 85.99
1629176572, 0, 111, 345, 331, 66, 3.36%, 31, 0, 3, 65.27
1629179954, 0, 111, 346, 332, 66, 3.36%, 31, 0, 3, 67.30
1629179990, 0, 111, 349, 335, 66, 3.36%, 31, 0, 3, 81.43
1629179995, 0, 111, 350, 336, 66, 3.36%, 31, 0, 3, 98.06
1629180000, 0, 111, 352, 338, 66, 3.36%, 31, 0, 3, 102.51
1629180010, 0, 111, 353, 339, 66, 3.36%, 31, 0, 3, 102.42
1629180015, 0, 111, 354, 340, 66, 3.36%, 31, 0, 3, 99.50
1629180026, 0, 112, 354, 339, 66, 3.36%, 31, 0, 3, 81.34
1629180947, 0, 112, 355, 340, 66, 3.36%, 31, 0, 3, 58.94
1629181054, 0, 112, 355, 340, 66, 3.36%, 32, 0, 3, 83.90
1629184741, 0, 114, 355, 339, 66, 3.36%, 32, 0, 3, 78.14
1629184941, 0, 114, 355, 339, 66, 3.36%, 33, 0, 3, 4.27
1629189364, 0, 115, 355, 338, 65, 3.36%, 33, 0, 3, 77.25
1629190402, 0, 115, 355, 338, 65, 3.36%, 34, 0, 3, 82.85
1629194085, 0, 116, 355, 337, 64, 3.36%, 34, 0, 3, 75.92
1629194197, 0, 116, 356, 338, 64, 3.36%, 34, 0, 3, 104.77
1629194227, 0, 116, 357, 339, 64, 3.36%, 34, 0, 3, 59.68
1629194568, 0, 116, 358, 340, 64, 3.37%, 34, 0, 3, 65.08
1629194639, 0, 116, 359, 341, 64, 3.37%, 34, 0, 3, 59.58
1629195127, 0, 116, 359, 341, 64, 3.37%, 35, 0, 3, 84.72
1629195218, 0, 116, 360, 342, 64, 3.37%, 35, 0, 3, 62.63
1629197879, 0, 116, 361, 343, 64, 3.37%, 35, 0, 3, 58.66
1629198866, 0, 126, 361, 342, 65, 3.37%, 35, 0, 3, 86.99
1629199411, 0, 126, 361, 342, 65, 3.37%, 36, 0, 3, 84.84
1629201251, 0, 128, 361, 341, 64, 3.37%, 36, 0, 3, 92.78
1629201760, 0, 128, 363, 343, 64, 3.37%, 36, 0, 3, 80.50
1629201765, 0, 128, 364, 344, 64, 3.38%, 37, 0, 3, 89.47
1629203596, 0, 130, 364, 343, 65, 3.38%, 37, 0, 3, 87.17
1629203601, 0, 130, 365, 344, 65, 3.38%, 37, 0, 3, 67.00
1629203622, 0, 130, 366, 345, 65, 3.38%, 37, 0, 3, 59.28
1629203794, 0, 130, 367, 346, 65, 3.38%, 37, 0, 3, 58.53
1629204090, 0, 130, 368, 347, 65, 3.38%, 37, 0, 3, 64.04
1629204572, 0, 130, 368, 347, 65, 3.38%, 38, 0, 3, 90.51
1629207235, 0, 130, 369, 348, 65, 3.38%, 38, 0, 3, 58.07
1629207433, 0, 130, 370, 349, 65, 3.38%, 38, 0, 3, 57.90
1629208214, 0, 134, 370, 348, 64, 3.38%, 38, 0, 3, 86.86
1629208271, 0, 134, 371, 349, 64, 3.38%, 38, 0, 3, 58.37
1629208724, 0, 134, 372, 350, 64, 3.38%, 38, 0, 3, 62.73
1629209198, 0, 134, 372, 350, 64, 3.38%, 39, 0, 3, 85.14
1629212851, 0, 134, 373, 351, 64, 3.38%, 39, 0, 3, 78.93
1629212856, 0, 137, 374, 351, 63, 3.38%, 39, 0, 3, 101.91
1629212924, 0, 137, 376, 353, 63, 3.38%, 39, 0, 3, 76.93
1629213311, 0, 137, 376, 353, 63, 3.38%, 40, 0, 3, 92.52
1629215142, 0, 138, 376, 352, 63, 3.38%, 40, 0, 3, 83.67
1629216179, 0, 138, 376, 352, 63, 3.38%, 41, 0, 3, 94.32
1629219881, 0, 154, 376, 351, 62, 3.38%, 41, 0, 3, 71.54
1629220869, 0, 154, 376, 351, 62, 3.38%, 42, 0, 3, 82.76
1629224517, 0, 155, 376, 350, 61, 3.38%, 42, 0, 3, 73.62
1629224523, 0, 155, 378, 352, 61, 3.38%, 42, 0, 3, 69.70
1629224558, 0, 155, 379, 353, 61, 3.38%, 42, 0, 3, 62.78
1629224568, 0, 155, 380, 354, 61, 3.38%, 42, 0, 3, 59.47
1629225165, 0, 155, 381, 355, 61, 3.38%, 42, 0, 3, 57.93
1629225570, 0, 155, 381, 355, 61, 3.38%, 43, 0, 3, 81.30
1629229281, 0, 156, 381, 354, 60, 3.38%, 43, 0, 3, 74.74
1629230267, 0, 156, 381, 354, 60, 3.38%, 44, 0, 3, 95.89
1629232816, 0, 156, 381, 354, 60, 3.38%, 45, 0, 3, 43.04
1629233932, 0, 157, 381, 353, 59, 3.38%, 45, 0, 3, 75.48
1629233952, 0, 157, 382, 354, 59, 3.38%, 45, 0, 3, 49.53
1629235359, 0, 157, 383, 355, 59, 3.38%, 45, 0, 3, 90.26
1629235735, 0, 157, 384, 356, 59, 3.39%, 45, 0, 3, 55.50
1629240099, 0, 164, 384, 355, 60, 3.39%, 45, 0, 3, 64.87
1629241251, 0, 164, 385, 356, 60, 3.39%, 45, 0, 3, 52.42
1629241831, 0, 164, 386, 357, 60, 3.39%, 45, 0, 3, 54.13
1629243121, 0, 164, 386, 357, 60, 3.39%, 46, 0, 3, 48.44
1629243515, 0, 164, 387, 358, 60, 3.40%, 46, 0, 3, 53.85
1629243617, 0, 164, 388, 359, 60, 3.41%, 46, 0, 3, 55.35
1629246266, 0, 170, 388, 358, 61, 3.41%, 46, 0, 3, 58.67
1629247374, 0, 170, 391, 361, 61, 3.45%, 46, 0, 3, 48.33
1629247379, 0, 170, 393, 363, 61, 3.45%, 46, 0, 3, 45.89
1629247384, 0, 170, 394, 364, 61, 3.45%, 46, 0, 3, 46.39
1629247389, 0, 170, 396, 366, 61, 3.45%, 46, 0, 3, 46.70
1629247404, 0, 170, 398, 368, 61, 3.46%, 46, 0, 3, 46.69
1629247629, 0, 170, 399, 369, 61, 3.46%, 46, 0, 3, 76.60
1629247634, 0, 170, 400, 370, 61, 3.46%, 46, 0, 3, 69.73
1629250434, 0, 170, 401, 371, 61, 3.46%, 46, 0, 3, 45.90
1629250913, 0, 170, 402, 372, 61, 3.46%, 46, 0, 3, 48.11
1629252481, 0, 180, 402, 371, 69, 3.46%, 46, 0, 3, 73.90
1629258342, 0, 180, 402, 371, 69, 3.46%, 47, 0, 3, 63.74
1629258683, 0, 180, 403, 372, 69, 3.46%, 47, 0, 3, 70.68
1629258688, 0, 181, 403, 371, 68, 3.46%, 47, 0, 3, 72.61
1629259016, 0, 181, 404, 372, 68, 3.47%, 47, 0, 3, 54.40
