# unix_time, cycles_done, cur_path, paths_total, pending_total, pending_favs, map_size, unique_crashes, unique_hangs, max_depth, execs_per_sec
1636360023, 0, 0, 1, 1, 1, 0.77%, 0, 0, 1, 32.92
1636360028, 0, 0, 5, 5, 1, 0.80%, 0, 0, 2, 56.39
1636360033, 0, 0, 7, 7, 1, 0.80%, 0, 0, 2, 69.31
1636360043, 0, 0, 8, 8, 1, 0.81%, 0, 0, 2, 56.64
1636360053, 0, 0, 9, 9, 1, 0.81%, 0, 0, 2, 56.68
1636360059, 0, 0, 10, 10, 1, 0.81%, 0, 0, 2, 56.11
1636360064, 0, 0, 11, 11, 1, 0.81%, 0, 0, 2, 56.21
1636360074, 0, 0, 12, 12, 1, 0.81%, 0, 0, 2, 55.74
1636360084, 0, 0, 13, 13, 1, 0.81%, 0, 0, 2, 56.09
1636360129, 0, 0, 14, 14, 1, 0.82%, 0, 0, 2, 60.48
1636360211, 0, 0, 23, 23, 1, 0.85%, 0, 0, 2, 56.29
1636360241, 0, 0, 24, 24, 1, 0.85%, 0, 0, 2, 55.68
1636360368, 0, 0, 28, 28, 1, 0.85%, 0, 0, 2, 562.60
1636360373, 0, 0, 52, 52, 1, 1.53%, 2, 0, 2, 394.89
1636360378, 0, 0, 74, 74, 1, 1.70%, 2, 0, 2, 403.46
1636360383, 0, 0, 79, 79, 1, 1.79%, 2, 0, 2, 57.93
1636360724, 0, 0, 80, 80, 1, 1.80%, 2, 0, 2, 56.15
1636360729, 0, 0, 82, 82, 1, 1.81%, 2, 0, 2, 56.87
1636360739, 0, 0, 83, 83, 1, 1.82%, 2, 0, 2, 57.86
1636363500, 0, 0, 84, 84, 1, 1.82%, 2, 0, 2, 57.95
1636363665, 0, 2, 84, 83, 36, 1.82%, 2, 0, 2, 2206.44
1636363670, 0, 3, 84, 82, 35, 1.82%, 2, 0, 2, 1391.71
1636363833, 0, 5, 84, 81, 34, 1.82%, 2, 0, 2, 55.45
1636364174, 0, 5, 85, 82, 34, 1.82%, 3, 0, 3, 280.60
1636367457, 0, 7, 87, 83, 33, 1.82%, 3, 0, 3, 2192.19
1636367462, 0, 7, 88, 84, 33, 1.82%, 3, 0, 3, 1212.72
1636367477, 0, 10, 88, 83, 31, 1.82%, 3, 0, 3, 46.94
1636367880, 0, 10, 91, 86, 31, 1.83%, 4, 0, 3, 237.89
1636371896, 0, 18, 91, 85, 31, 1.83%, 4, 0, 3, 520.63
1636371921, 0, 18, 93, 87, 31, 1.83%, 4, 0, 3, 631.91
1636371926, 0, 18, 96, 90, 31, 1.83%, 4, 0, 3, 491.42
1636371946, 0, 18, 97, 91, 31, 1.83%, 4, 0, 3, 457.03
1636372104, 0, 20, 97, 90, 32, 1.83%, 4, 0, 3, 817.19
1636372119, 0, 20, 98, 91, 32, 1.83%, 4, 0, 3, 797.75
1636372206, 0, 23, 98, 90, 31, 1.83%, 4, 0, 3, 54.86
1636372547, 0, 23, 98, 90, 31, 1.83%, 5, 0, 3, 391.05
1636372552, 0, 23, 99, 91, 31, 1.83%, 5, 0, 3, 58.05
1636372898, 0, 23, 100, 92, 31, 1.83%, 5, 0, 3, 57.24
1636373645, 0, 23, 101, 93, 31, 2.02%, 5, 0, 3, 58.19
1636375839, 0, 25, 101, 92, 30, 2.02%, 5, 0, 3, 96.02
1636379612, 0, 26, 101, 91, 29, 2.02%, 5, 0, 3, 57.96
1636379908, 0, 31, 101, 90, 28, 2.02%, 5, 0, 3, 934.02
1636379933, 0, 31, 102, 91, 28, 2.02%, 5, 0, 3, 382.79
1636380071, 0, 32, 102, 90, 27, 2.02%, 5, 0, 3, 641.27
1636380117, 0, 32, 105, 93, 27, 2.03%, 5, 0, 3, 289.26
1636380122, 0, 32, 106, 94, 27, 2.03%, 6, 0, 3, 490.02
1636380477, 0, 36, 107, 94, 29, 2.03%, 6, 0, 3, 122.42
1636381486, 0, 41, 107, 93, 28, 2.03%, 6, 0, 3, 447.51
1636381521, 0, 41, 108, 94, 28, 2.03%, 6, 0, 3, 1243.01
1636381526, 0, 41, 109, 95, 28, 2.04%, 6, 0, 3, 666.44
1636381531, 0, 41, 111, 97, 28, 2.04%, 7, 0, 3, 521.93
1636381859, 0, 42, 111, 96, 28, 2.04%, 7, 0, 3, 416.31
1636381976, 0, 42, 112, 97, 28, 2.04%, 7, 0, 3, 411.98
1636382488, 0, 43, 112, 96, 28, 2.04%, 7, 0, 3, 241.35
1636383328, 0, 44, 112, 95, 27, 2.04%, 7, 0, 3, 291.10
1636383333, 0, 44, 113, 96, 27, 2.04%, 7, 0, 3, 349.51
1636383358, 0, 44, 114, 97, 27, 2.04%, 7, 0, 3, 242.96
1636383435, 0, 44, 115, 98, 27, 2.04%, 7, 0, 3, 444.49
1636383450, 0, 44, 116, 99, 27, 2.04%, 7, 0, 3, 70.59
1636383480, 0, 44, 117, 100, 27, 2.04%, 7, 0, 3, 66.87
1636383491, 0, 44, 118, 101, 27, 2.04%, 7, 0, 3, 148.72
1636383907, 0, 49, 118, 100, 27, 2.04%, 7, 0, 3, 493.82
1636383948, 0, 49, 119, 101, 27, 2.04%, 7, 0, 3, 505.08
1636384019, 0, 49, 122, 104, 27, 2.32%, 7, 0, 3, 415.70
1636384024, 0, 49, 123, 105, 27, 2.32%, 7, 0, 3, 421.47
1636384280, 0, 50, 123, 104, 29, 2.32%, 7, 0, 3, 357.58
1636385020, 0, 51, 123, 103, 28, 2.32%, 7, 0, 3, 194.62
1636385431, 0, 51, 123, 103, 28, 2.32%, 8, 0, 3, 452.14
1636388817, 0, 53, 123, 102, 27, 2.32%, 8, 0, 3, 76.36
1636391826, 0, 65, 123, 101, 26, 2.32%, 8, 0, 3, 442.60
1636392396, 0, 67, 123, 100, 25, 2.32%, 8, 0, 3, 76.85
1636395666, 0, 68, 123, 99, 24, 2.32%, 8, 0, 3, 130.52
1636398988, 0, 72, 123, 98, 23, 2.32%, 8, 0, 3, 414.67
1636398993, 0, 72, 124, 99, 23, 2.40%, 8, 0, 3, 463.64
1636399172, 0, 72, 125, 100, 23, 2.40%, 8, 0, 3, 439.99
1636399480, 0, 73, 125, 99, 23, 2.40%, 8, 0, 3, 579.21
1636401887, 0, 74, 125, 98, 22, 2.40%, 8, 0, 3, 387.10
1636401923, 0, 74, 126, 99, 22, 2.50%, 8, 1, 3, 225.87
1636402105, 0, 74, 129, 102, 22, 2.67%, 9, 1, 3, 408.68
1636402110, 0, 74, 140, 113, 22, 3.87%, 9, 1, 3, 242.93
1636402116, 0, 74, 143, 116, 22, 3.98%, 9, 1, 3, 242.74
1636402499, 0, 79, 143, 115, 39, 3.98%, 9, 1, 3, 67.86
1636402797, 0, 79, 143, 115, 39, 3.98%, 10, 1, 3, 260.54
1636403872, 0, 79, 144, 116, 39, 3.99%, 10, 1, 3, 57.41
1636404021, 0, 79, 145, 117, 39, 3.99%, 10, 1, 3, 55.83
1636405743, 0, 80, 145, 116, 39, 3.99%, 10, 1, 3, 71.89
1636405903, 0, 80, 146, 117, 39, 3.99%, 10, 1, 3, 137.13
1636406016, 0, 80, 147, 118, 39, 3.99%, 10, 1, 3, 56.87
1636406041, 0, 80, 147, 118, 39, 3.99%, 11, 1, 3, 140.92
1636409036, 0, 81, 147, 117, 39, 3.99%, 11, 1, 3, 95.24
1636409318, 0, 81, 147, 117, 39, 3.99%, 12, 1, 3, 250.61
1636410663, 0, 81, 148, 118, 39, 3.99%, 12, 1, 3, 57.01
1636412163, 0, 82, 148, 117, 38, 3.99%, 12, 1, 3, 69.77
1636412492, 0, 82, 148, 117, 38, 3.99%, 13, 1, 3, 218.72
1636414006, 0, 82, 149, 118, 38, 3.99%, 13, 1, 3, 56.49
1636415697, 0, 83, 149, 117, 37, 3.99%, 13, 1, 3, 78.22
1636416006, 0, 83, 149, 117, 37, 3.99%, 14, 1, 3, 306.56
1636419003, 0, 84, 149, 116, 36, 3.99%, 14, 1, 3, 134.28
1636420322, 0, 86, 149, 115, 35, 3.99%, 14, 1, 3, 2051.03
1636420362, 0, 88, 149, 114, 34, 3.99%, 14, 1, 3, 646.94
1636420393, 0, 88, 149, 114, 34, 3.99%, 15, 1, 3, 308.80
1636420526, 0, 89, 149, 113, 33, 3.99%, 15, 1, 3, 463.67
1636420715, 0, 95, 149, 112, 32, 3.99%, 15, 1, 3, 743.79
1636420865, 0, 96, 149, 111, 31, 3.99%, 15, 1, 3, 854.56
1636420997, 0, 100, 149, 110, 30, 3.99%, 15, 1, 3, 105.39
1636421167, 0, 100, 150, 111, 30, 4.08%, 15, 1, 4, 164.02
1636421298, 0, 100, 151, 112, 30, 4.10%, 15, 1, 4, 211.66
1636421933, 0, 100, 153, 114, 30, 4.13%, 15, 1, 4, 117.16
1636421939, 0, 100, 154, 115, 30, 4.21%, 15, 3, 4, 29.62
1636421944, 0, 100, 159, 120, 30, 4.42%, 15, 6, 4, 201.14
1636421950, 0, 100, 161, 122, 30, 4.48%, 15, 10, 4, 14.21
1636421955, 0, 100, 162, 123, 30, 4.50%, 15, 14, 4, 26.87
1636421960, 0, 100, 164, 125, 30, 4.57%, 15, 16, 4, 207.54
1636422614, 0, 103, 164, 124, 43, 4.57%, 15, 16, 4, 281.73
1636422768, 0, 103, 164, 124, 43, 4.57%, 15, 17, 4, 11.61
1636423117, 0, 104, 164, 123, 42, 4.57%, 15, 17, 4, 403.61
1636423179, 0, 104, 164, 123, 42, 4.57%, 16, 17, 4, 230.86
1636423297, 0, 104, 164, 123, 42, 4.57%, 16, 18, 4, 217.04
1636423700, 0, 106, 164, 122, 41, 4.57%, 16, 18, 4, 453.55
1636424263, 0, 108, 164, 121, 41, 4.57%, 16, 18, 4, 514.72
1636424315, 0, 108, 164, 121, 41, 4.57%, 16, 19, 4, 24.80
1636424724, 0, 111, 164, 120, 40, 4.57%, 16, 19, 4, 527.91
1636424882, 0, 111, 164, 120, 40, 4.57%, 16, 20, 4, 311.28
1636425290, 0, 112, 164, 119, 39, 4.57%, 16, 20, 4, 352.75
1636425500, 0, 112, 165, 120, 39, 4.60%, 16, 20, 4, 262.54
1636425900, 0, 119, 167, 121, 39, 4.60%, 16, 20, 4, 305.85
1636427027, 0, 120, 167, 120, 38, 4.60%, 16, 20, 4, 763.78
1636427947, 0, 121, 167, 119, 37, 4.60%, 16, 20, 4, 373.54
1636428548, 0, 123, 167, 118, 36, 4.60%, 16, 20, 4, 442.84
1636429059, 0, 125, 167, 117, 35, 4.60%, 16, 20, 4, 82.16
1636429330, 0, 125, 167, 117, 35, 4.60%, 17, 20, 4, 227.63
1636429934, 0, 126, 167, 116, 34, 4.60%, 17, 20, 4, 408.80
1636430808, 0, 127, 167, 115, 33, 4.60%, 17, 20, 4, 304.89
1636431605, 0, 128, 167, 114, 32, 4.60%, 17, 20, 4, 324.20
1636432751, 0, 129, 167, 113, 31, 4.60%, 17, 20, 4, 499.33
1636434045, 0, 130, 167, 112, 30, 4.60%, 17, 20, 4, 273.17
1636435073, 0, 131, 167, 111, 29, 4.60%, 17, 20, 4, 314.35
1636437172, 0, 132, 167, 110, 28, 4.60%, 17, 20, 4, 405.29
1636438201, 0, 133, 168, 110, 27, 4.60%, 17, 20, 4, 330.85
1636440962, 0, 134, 168, 109, 26, 4.60%, 17, 20, 4, 313.19
1636441771, 0, 135, 168, 108, 25, 4.60%, 17, 20, 4, 369.60
1636443109, 0, 136, 168, 107, 24, 4.60%, 17, 20, 4, 111.04
1636444589, 0, 137, 168, 106, 23, 4.60%, 17, 20, 4, 291.10
1636445515, 0, 138, 168, 105, 22, 4.60%, 17, 20, 4, 45.81
1636450602, 0, 139, 168, 104, 21, 4.60%, 17, 20, 4, 289.22
1636452855, 0, 140, 168, 103, 20, 4.60%, 17, 20, 4, 178.01
1636455434, 0, 141, 168, 102, 19, 4.60%, 17, 20, 4, 330.55
1636456002, 0, 141, 168, 102, 19, 4.60%, 17, 21, 4, 7.44
1636457061, 0, 142, 168, 101, 18, 4.60%, 17, 21, 4, 154.05
1636459923, 0, 143, 168, 100, 17, 4.60%, 17, 21, 4, 53.92
1636460356, 0, 143, 168, 100, 17, 4.60%, 18, 21, 4, 190.91
1636462520, 0, 143, 169, 101, 17, 4.60%, 18, 21, 4, 55.04
1636464450, 0, 149, 169, 100, 17, 4.60%, 18, 21, 4, 107.23
1636466241, 0, 149, 170, 101, 17, 4.64%, 18, 21, 5, 131.81
1636466281, 0, 150, 170, 100, 17, 4.64%, 18, 21, 5, 140.44
1636466495, 0, 150, 173, 103, 17, 4.64%, 18, 21, 5, 681.32
1636466776, 0, 150, 174, 104, 17, 4.66%, 18, 21, 5, 234.01
1636467903, 0, 151, 174, 103, 18, 4.66%, 18, 21, 5, 167.99
1636469624, 0, 152, 174, 102, 17, 4.66%, 18, 21, 5, 141.31
1636471645, 0, 153, 174, 101, 16, 4.66%, 18, 21, 5, 110.75
1636474286, 0, 153, 175, 102, 16, 4.66%, 18, 21, 5, 179.15
1636474291, 0, 154, 175, 101, 15, 4.66%, 18, 21, 5, 145.12
1636476426, 0, 155, 175, 100, 14, 4.66%, 18, 21, 5, 128.47
1636478858, 0, 156, 175, 99, 13, 4.66%, 18, 21, 5, 141.98
1636480905, 0, 157, 175, 98, 12, 4.66%, 18, 21, 5, 124.29
1636483481, 0, 158, 175, 97, 11, 4.66%, 18, 21, 5, 102.21
1636487416, 0, 159, 175, 96, 10, 4.66%, 18, 21, 5, 120.05
1636489588, 0, 160, 175, 95, 9, 4.66%, 18, 21, 5, 157.98
1636491976, 0, 161, 175, 94, 8, 4.66%, 18, 21, 5, 135.75
1636494157, 0, 162, 175, 93, 7, 4.66%, 18, 21, 5, 141.89
1636496394, 0, 162, 176, 94, 7, 4.70%, 18, 21, 5, 152.49
1636496440, 0, 163, 176, 93, 7, 4.70%, 18, 21, 5, 129.55
1636498620, 0, 164, 179, 95, 6, 4.71%, 18, 21, 5, 219.15
1636498625, 0, 164, 181, 97, 6, 4.71%, 18, 21, 5, 353.49
1636498630, 0, 164, 182, 98, 6, 4.71%, 18, 21, 5, 292.47
1636498645, 0, 164, 183, 99, 6, 4.71%, 18, 21, 5, 276.68
1636498676, 0, 164, 185, 101, 6, 4.71%, 18, 21, 5, 261.02
1636499023, 0, 164, 187, 103, 6, 4.71%, 18, 21, 5, 259.29
1636499402, 0, 164, 189, 105, 6, 4.73%, 18, 21, 5, 265.90
1636499417, 0, 164, 190, 106, 6, 4.74%, 18, 21, 5, 269.92
1636499438, 0, 168, 190, 105, 10, 4.74%, 18, 21, 5, 61.36
1636499849, 0, 168, 196, 111, 10, 4.75%, 18, 21, 5, 56.52
1636499854, 0, 168, 197, 112, 10, 4.75%, 18, 21, 5, 56.13
1636499915, 0, 168, 198, 113, 10, 4.75%, 18, 21, 5, 935.64
1636499920, 0, 168, 201, 116, 10, 4.76%, 19, 21, 5, 536.49
1636499986, 0, 168, 202, 117, 10, 4.76%, 19, 21, 5, 54.65
1636502625, 0, 168, 203, 118, 10, 4.76%, 19, 21, 5, 53.91
1636504519, 0, 169, 203, 117, 14, 4.76%, 19, 21, 5, 76.56
1636506875, 0, 170, 203, 116, 13, 4.76%, 19, 21, 5, 183.67
1636507829, 0, 170, 204, 117, 13, 4.76%, 19, 21, 6, 355.29
1636507834, 0, 173, 206, 118, 12, 4.77%, 19, 21, 6, 437.23
1636507874, 0, 173, 207, 119, 12, 4.77%, 19, 21, 6, 57.42
1636507981, 0, 173, 208, 120, 12, 4.78%, 19, 21, 6, 57.00
1636508339, 0, 173, 209, 121, 12, 4.79%, 19, 21, 6, 237.44
1636508390, 0, 173, 212, 124, 12, 4.79%, 19, 21, 6, 314.60
1636508396, 0, 173, 214, 126, 12, 4.79%, 19, 21, 6, 315.21
1636508401, 0, 173, 221, 133, 12, 4.79%, 19, 21, 6, 312.45
1636508411, 0, 173, 224, 136, 12, 4.79%, 19, 21, 6, 311.79
1636509528, 0, 175, 224, 135, 15, 4.79%, 19, 21, 6, 162.94
1636512326, 0, 176, 224, 134, 14, 4.79%, 19, 21, 6, 262.33
1636512336, 0, 176, 226, 136, 14, 4.79%, 19, 21, 6, 266.78
1636512341, 0, 176, 228, 138, 14, 4.79%, 19, 21, 6, 253.61
1636513129, 0, 176, 234, 144, 14, 4.80%, 19, 21, 6, 254.14
1636513134, 0, 176, 235, 145, 14, 4.80%, 19, 21, 6, 261.82
1636513159, 0, 186, 235, 144, 16, 4.80%, 19, 21, 6, 286.35
1636513174, 0, 186, 236, 145, 16, 4.80%, 19, 21, 6, 199.27
1636513185, 0, 186, 237, 146, 16, 4.80%, 19, 21, 6, 138.76
1636514586, 0, 186, 238, 147, 16, 4.80%, 19, 21, 6, 119.62
1636514592, 0, 186, 239, 148, 16, 4.80%, 19, 21, 6, 109.89
1636514602, 0, 186, 240, 149, 16, 4.80%, 19, 21, 6, 107.77
1636514607, 0, 186, 241, 150, 16, 4.80%, 19, 21, 6, 109.90
1636514653, 0, 186, 242, 151, 16, 4.80%, 19, 21, 6, 169.59
1636514658, 0, 187, 242, 150, 16, 4.80%, 19, 21, 6, 254.54
1636515704, 0, 188, 242, 149, 15, 4.80%, 19, 21, 6, 271.24
1636516608, 0, 189, 242, 148, 14, 4.80%, 19, 21, 6, 331.05
1636517448, 0, 194, 242, 147, 13, 4.80%, 19, 21, 6, 64.95
1636517580, 0, 194, 243, 148, 13, 4.80%, 19, 21, 6, 58.61
1636517923, 0, 194, 243, 148, 13, 4.80%, 20, 21, 6, 571.53
1636520806, 0, 194, 244, 149, 13, 4.80%, 20, 21, 6, 56.11
1636522771, 0, 196, 244, 148, 13, 4.80%, 20, 21, 6, 88.18
1636523241, 0, 196, 244, 148, 13, 4.80%, 21, 21, 6, 436.01
1636527614, 0, 197, 246, 149, 12, 4.80%, 21, 21, 6, 649.16
